
607121768
607105175
607103130
607072809
607068730
607068534
607068289
607068129
607047457
607047258
607047057
607046932
607046259
607043249
607043159
607043027
607042850
607042555
607042349
607037458
607037310
607036898
607034010
607033889
607033696
607032340
607032167
607031916
607028730
607028387
607028276
606977649
606935356
606898867
606320352
606311351
602080950
601350504
601118551
596377275
596366429
595823082
595822685
595822451
594613284
594613210
594613084
594612941
592165833
591108352
588533672
588515845
588165319
583829658
583468598
583235818
580774418
580344495
580341799
579474757
579141315
579136305
576304188
576303022
575436254
575436133
575435901
575370851
574437217
570556194
569146572
569145557
569145394
568187901
567914870
567911005
567910926
567305062
564894447
564373706
564373584
564370118
564208351
564205287
563449815
563370721
561743480
561543616
561521885
561086687
560935773
560780283
560780090
560779907
560770410
560691924
558778464
558385057
558384776
556638351
556315409
555136978
553745453
553739736
552901449
552678284
552651871
552625781
547849362
545725894
545290810
545259141
545229916
545227675
545220136
545219544
545216134
544972378
544971913
544516906
544516626
544127745
544050957
542251001
542094415
542023425
542018215
541995821
541972955
540891258
538665266
538616100
536539255
535489947
534888803
534884457
534881940
534878597
534728932
533565837
533367223
532016777
531493874
531490991
531481369
531481265
531474772
531473316
531427349
531401303
531237710
531237400
531237307
531236987
528105496
527417432
526079693
523997245
523994776
523895583
523886860
523836570
523770466
523770159
523297378
523297247
523297055
523295951
523295744
523107577
522855467
521013994
520992460
520756059
519949557
519941359
517804362
516382224
515028035
513785690
513780022
512343903
512343799
511963568
510191087
510163687
510163469
510125401
509323042
508735841
508731121
507781164
507724936
506524833
504148515
500926190
500668071
500426923
500423788
500164843
499532342
498743306
498368381
498367527
498366602
497635499
496925286
496924971
496491399
494850584
494037343
493908148
493802513
493801925
493801176
493800966
493800664
493800274
493800011
493799720
493798958
493798606
493797011
493697464
493627311
493621792
493546311
493340044
493339939
493299179
492743249
492743087
492742754
492742286
492331692
492331536
492142832
491670206
491670003
491584393
491581645
491581453
491581257
491342435
489827237
488721468
488038298
486334538
485583046
483863126
483862981
483861837
483518053
482067347
481821310
481715111
480915131
478614659
477636264
477636215
477245985
477244597
477200595
475330080
474107704
473420782
473420401
473420110
472205283
472184294
472184158
470903760
470846786
470170243
469234888
468889752
468793824
468038107
467974035
467847781
467847682
467194721
467188289
467155869
467147951
467059109
467058763
467051091
466988205
466985821
466869987
466851820
466570700
466407419
466052106
465990146
465795246
465625600
465615962
465403002
465302550
464583524
464231064
464230073
462901770
462387207
461927223
461926834
461503585
461396008
461385313
461383748
461215520
461212722
460844268
460841916
460841487
460811510
460268949
459648199
459647970
458744497
458566924
458566741
458566646
458071447
456814699
456713614
455415096
455296699
455253135
455250248
454963074
454962553
454962379
454962051
454961430
454960897
454960467
454960046
454959830
454959546
454958724
454957830
454792421
454792222
454787848
454787547
454787310
454498055
454497688
452294574
452294385
452293908
452106461
451810888
451775342
450565208
450397541
450397482
449302999
449284876
449283518
449283364
448380365
448310155
448201688
448164925
447988916
447984429
447977992
446845785
446299134
445832676
445560418
445559731
443779877
442639114
442636949
442612223
442603123
440758726
440758523
440733236
440587888
440587764
440587372
440586815
440586702
440515449
440514612
439475656
439378165
439129018
437737819
437700139
435448930
435398278
435263886
435207856
433800758
433799702
433788609
433788232
433787984
433787779
433394398
433389697
432963448
432936483
432848770
432848395
432848179
432795413
432776593
432755394
432752751
432600146
432507731
432506195
432505347
432502955
432502809
431887946
431887619
431759942
431757743
431757720
431711313
431711209
431710966
431707162
431705291
431704844
431702344
431699693
431691138
431673838
431560382
431558559
431556401
431539391
431525564
431298429
430972599
430971028
430939672
430857987
430845794
430162706
430162599
430162508
430162388
430162254
430162047
430161991
430161763
430160672
430160136
430160099
430160005
430159975
430159753
430159742
430159288
430159224
429958011
429913235
429912563
429844936
429641575
429641557
429444718
429444342
429444295
428621677
428621602
427537802
427189680
427177623
427158512
427158499
426877194
426822966
426512215
426278953
426278850
425766584
425763830
425527270
425527034
425403385
424501562
424469032
424454245
424243080
424242986
423409291
423373230
423372040
423371965
422766579
422766476
422661766
422659997
422526083
422525572
422257495
422257367
422257262
421324978
421324323
420948037
420918224
420893916
420881859
420876919
420876246
420876021
420562408
420453695
420433294
420058042
420034625
419997504
419997291
418560562
418404841
417925968
417925665
417845960
417830290
417608011
417396139
417385109
417349122
417055225
416979561
416968998
416968230
416967632
416967456
416895381
416484781
416207635
416207503
416201626
416197195
416196989
415123237
415120346
415118348
415118223
414192971
414189983
413618270
413612094
413603029
413597846
413418132
413106372
413106031
413024134
412992031
412915308
412915294
412915043
412914915
412914648
412914625
412893628
412797936
412797893
412459645
412459584
412080742
411905954
411905784
411885068
411885046
411885010
411884806
411848926
411799029
411561100
411465592
411461787
411416591
411330627
411330581
411276047
411257150
411256467
411255614
411221582
410981958
410163159
410119320
410107243
410064601
409952855
409908668
409877018
409876986
409852009
409817343
409817047
409657569
409617828
409617809
409597859
409597309
409577255
409565251
409517570
409492674
409469388
409421615
409411617
409404561
409402035
409400521
409400181
409350702
409329225
409301554
409300292
409251003
409246251
409244552
409243826
409241184
409240741
409238758
409237871
409235985
409192479
409192454
409161313
409158668
409158474
409157418
409133533
409130176
409102925
409102831
409080062
409078431
409078006
409077932
408953616
408953413
408952888
408952434
408949821
408949021
408946112
408945959
408924076
408921874
408921755
408920762
408904581
408886160
408885658
408882477
408825725
408816780
408816679
408815629
408814899
408814624
408814281
408813517
408812928
408810483
408763283
408762376
408760727
408747508
408747244
408741846
408740164
408709894
408709394
408708306
408708019
408701585
408698558
408698328
408676564
408676540
408586086
408585349
408585003
408557196
408555071
408551460
408551396
408551296
408549397
408549098
408495646
408495610
408494838
408492861
408491834
408491728
408491417
408488046
408487555
408447991
408440554
408440204
408439743
408439650
408432909
408078461
408078220
408068802
408006391
408006202
407922307
407863060
407858868
407818637
407754955
407752428
407752175
407751491
407687852
407584802
407584599
407548456
407548201
407504074
407465488
407465119
407461614
407452583
407375457
407375433
407372784
407241921
407238915
407236607
407236479
407210644
406184926
406183534
405764980
405764851
405566130
405543172
405542680
404659033
404657860
404566924
404566917
404410844
404405647
404394638
404394395
404300219
403426129
403425944
403409349
403409335
403298909
402878057
402876601
402784442
402784297
402783367
402776951
402776649
402774056
402773872
402768513
402762668
402762429
402762155
402761852
402761570
402761465
402704453
402696545
402696438
402696367
402693352
402692867
402639822
402627054
402593761
402593740
402123006
402082370
402025082
401982779
401978180
401978032
401934174
401856296
401854863
401854521
401721969
401519603
401519586
401143217
401142969
400930372
400930117
400763978
400763937
400763826
400763701
400727899
400725373
400725280
400705947
400705813
400612605
400611917
400408328
400408308
400392261
400392022
400334152
400334135
399876179
399876098
399601134
399291810
399291709
399199620
398751658
398742154
398314608
398256017
398255795
398127316
398093989
398071035
397874445
397868948
397770109
397639298
397433193
397358689
397354436
397298114
396755778
396684104
396647159
396606672
396582390
396549651
396548696
396548176
396547994
396547910
396547226
396445730
396441705
396301314
396266532
396248439
396235817
396235802
396235065
395917713
395917273
395880606
395880553
395880409
395722366
395722076
395695704
395646662
395646512
395646128
395645711
395645433
395627726
395627658
395627523
395627418
395627280
395523249
395494695
395494409
395492120
395492024
395271856
395207626
395204921
395133742
395113281
394857713
394854775
394852569
394844458
394819714
394813364
394767123
394767003
394766448
394764726
394764717
394764515
394764327
394754973
394754605
394752793
394630950
394495569
394494861
394337722
394248840
394174510
394006020
394003916
394003798
393944197
393943490
393933930
393933797
393932057
393930298
393901835
393875577
393862526
393862070
393861053
393857937
393857692
393857345
393856987
393610693
393558473
393546441
393239159
393236965
392943898
392901212
392740746
392725225
392718582
392622053
392616998
392533384
392500850
392390606
392390327
392351452
392243438
392168280
392162368
392162032
392160613
392136682
392124834
392124808
392118607
392117898
392001798
391742813
391742118
391741308
391740667
391726238
391569230
391569139
391242149
391176403
390954981
390783738
390781722
390780594
390122419
390019125
390019095
389875713
389869488
389752396
389654194
389493417
389493021
389459635
389428390
389353037
389348431
388901507
388554126
388462666
388451859
388451692
388451416
388451371
387965982
387963765
387548795
387548663
387376585
387376429
387367905
387367865
387264080
387233776
386991125
386990977
386682259
386502300
386462557
386462244
385738998
384892369
384865722
384557594
384040107
384039863
383491486
382990742
382989875
381987754
381907978
381764801
381739014
380624230
380560679
380349065
380320723
380320697
380319132
380318957
380318906
380318518
380318369
379970186
379943796
379758479
379758402
379354865
379247377
379230301
378273076
378074061
378073987
378073928
377616091
377581534
377404724
377404543
377110147
377108532
377055417
377054757
376751440
376444250
376423629
375901788
375741199
375626074
375571410
375486318
375486170
375321806
375289475
374909464
374909438
374719982
374719716
374698835
374698732
374367710
374245581
373869611
373869376
373778834
373760333
373510575
373030678
373030403
372986038
372985880
372984650
372813759
372316845
372043953
371204127
371142462
371140780
371024856
371024779
370998370
370679916
370679892
370183833
370183506
370150614
370093750
369917244
369917200
369643906
369537853
369537674
369524128
369523367
369521565
369521494
369495554
369494707
369287933
369287893
368948385
368684631
368628354
368574195
368540291
368533870
368533582
368414764
368408397
368408268
367812349
367541150
367540130
367539623
367538277
367287453
367281212
367181858
367181771
366932495
366923168
366574185
366458745
366126360
365783659
365598357
365392957
365385330
365322714
365322697
365322599
365322580
365147500
364846674
364846649
364819629
364071221
364071015
364070937
364070903
364070863
364070665
364070620
364070551
363958338
363958042
363804935
363303528
363303279
363285939
362597651
362593660
362237844
362072437
362071279
361628507
361628308
361612636
361610083
361356842
361356654
361356540
361334979
361333020
360844593
360844573
360544704
360535576
360402552
360402426
360390048
360384596
360344688
360344100
360027580
360026973
360025978
360025415
360004460
359993445
359511982
359504451
359239426
359239401
359196515
359186668
358606678
358604706
357231110
357231057
357182027
357181957
357165847
357013438
357013400
357012309
357012216
357012028
357011996
356676180
356428566
356428290
356428072
356346660
356344756
356208402
355397376
355016295
355008358
354623909
354623783
354623651
354619630
354619208
354618789
354618617
353942345
353936694
353936626
353936095
353928468
353926666
353576284
353575282
353341667
353294983
353294971
353186070
353185992
353173018
353172561
352904215
352823819
352640446
352539421
352539079
351912647
351912627
351829435
351829308
351828962
351731897
351730734
351515027
351514832
351514243
351453723
351394467
351282339
351282083
351241228
351181155
350790156
350682938
350682737
350668301
350650546
350646486
350635980
350635789
350635690
350635501
349523909
349523411
349366936
349355453
349355410
349271042
349270225
349257102
349257038
349256790
349256555
349248259
349246627
349246300
349246136
349245922
348969243
348750720
348745659
348737426
348623516
348618905
348171149
348166264
348154271
348154190
348154099
347755281
347755264
347752165
347751710
347731093
347730752
347648157
347648060
347532456
347517651
347477621
347477538
347476721
347476488
347476256
346947486
346931252
346870442
346870257
346482143
346481677
346349897
346349766
346337005
346229190
346208404
346175312
346175006
346171910
346169543
346062018
346061106
345968645
345968613
345958681
345958627
345867016
345525537
345524715
345523858
345511048
345471951
345471793
345471664
345471437
345470836
345441131
345440929
345438774
345220333
345143697
345143624
344984193
344972421
344967395
344967357
344476413
344475459
343927747
343924748
343924478
343839038
343838937
343838349
343766823
343722009
343504726
343492368
343189788
342944346
342943581
342785302
342781873
342177431
342177163
342176422
342163405
342163281
342114577
341996088
341865296
341865271
341865234
341864953
341864891
341864780
341829280
341828841
341796999
341796512
341785619
341785536
341570494
341545928
341544498
341504018
341503980
341503860
341503811
341052357
340573976
340490111
340238027
340237698
340237514
340205538
340088577
340088397
340088172
340028789
340027431
339997610
339929168
339929068
339928750
339862925
339862910
339832335
339809415
339809101
339690812
339690474
339689024
339682767
339682570
339681175
339642868
339642751
339642448
339641459
339640989
339640207
339639988
339513653
339513383
339513261
339513209
339513094
339512516
339511816
339507583
339507510
339504841
339504610
339504515
339504183
339497796
339393386
339392982
339387728
339387588
339387465
339387302
339387203
339383994
339380340
339379773
339310652
339310590
339309662
339309569
339309423
339054776
338723223
338723186
338723085
338711769
338514547
338513155
338511725
338511064
338510924
338509099
338498392
338498274
338498084
338391821
338391198
338331860
338331556
338331277
338331209
337703238
337702841
337477630
337477492
337192711
337143410
336680155
336676127
336515844
336382783
336334950
336010902
336010878
336010316
336010197
336009574
336009400
336008573
336008468
335912099
335912023
335911698
335911601
335911262
335878414
335878261
335268481
335259251
334156683
334154576
334077447
334077329
334044682
334024347
333645666
333608003
333606818
333100974
333100594
333098955
332736650
332535889
332470630
332469733
332455041
332454499
332301379
332289039
332288787
332087911
332085555
331582998
331531005
331301056
331300979
331300879
331300824
331138278
331137399
331137220
331051812
331051627
331046405
330981314
330760376
330759856
330759381
330758953
330755640
330467496
330466895
330332027
330293103
329772953
329742157
329661692
329659515
329170863
328992591
328912612
328912227
328912050
328891951
328891168
328742423
328395614
328392199
328391617
328391451
328237499
328237131
327982577
327981726
327740818
327740661
327740584
327705894
327529374
327528852
327525202
327525097
327525045
327524615
327524321
327523272
327522716
327092928
327086710
327012189
326950466
326949644
325581667
325581529
325575034
325159772
325069766
325069747
325069227
325069060
324825446
324825438
324756566
324552742
324211391
324211204
324211101
323880734
323880296
323880208
323880196
323646883
323645890
322675260
322673407
322651725
322491960
322385681
322384697
322384168
322336344
322320211
322002373
321992515
321908916
321908899
321908756
321908733
321799002
321792106
321774170
321773228
321519285
321500851
321500665
321379614
321374131
321328588
321325696
320857330
320855499
320708709
320708635
320708585
320708474
320706912
320706595
320027032
320026805
319661047
319659402
318975665
318940646
318915427
318915398
318480888
318479567
317712636
317697969
317684973
317683587
317487834
317487408
316979195
316977286
316866585
316865375
316865236
316830659
316830600
316740287
316739321
316705235
316695544
316333661
316333630
316255254
316255071
316254925
316254872
316254681
316254608
316106738
316106494
316040487
316006447
316003323
315706078
315659155
315657604
315601541
315601498
315474488
315474181
314788316
314780463
314777665
314777292
314777112
314763736
314762944
314299126
314299044
314239661
314239581
314161226
314161043
314063428
314060150
313933351
313908350
313563356
313562804
313113408
313028662
312999325
312982028
312959310
312927964
312907553
312883373
312637019
312566610
312520791
312173723
312172186
312115186
312114168
311871243
311866800
311844574
311842577
311842376
311842233
311586569
311586396
311586092
311586018
311505433
311505261
311402800
311402745
310959364
310837658
310688883
310688873
310089864
310089847
310075836
310075784
310074258
310072348
309319349
309317896
309118975
309118949
309060994
309060970
308823523
308823454
308670136
308584685
308584621
308584582
308584535
308479026
308478208
308393938
308365997
308342799
308302945
308302932
308290637
308290540
308247429
308157169
308147791
307755368
307755197
307743265
307665323
307548442
307291396
307290422
306771821
306760346
306274466
306259154
306258716
306131417
306131155
305977658
305929041
305810573
305477339
305476846
305339860
305339575
305230883
305203569
305203467
305203130
304955819
304945622
304886071
304783202
304106047
304105956
304105665
304105470
303878666
303590232
303589909
303589674
303476492
303476476
303234526
303180893
303180295
303139004
302911202
302588917
301846114
301655830
301647435
301647404
301646976
301425724
301424506
301147369
301147182
300546795
300479706
300479435
300479258
300478675
300298309
300245718
299645956
299588667
299522425
299507605
299507098
299398499
299130595
298105752
298099778
297768153
297757575
297679565
297679447
297679122
297678822
297678632
297678081
297571681
297429184
297334827
297144438
296961509
296960867
296950201
296942410
296942347
296917874
296579313
296579214
296299946
296299832
296241555
296075304
295884048
295797893
295788486
295788052
295725411
295718189
295518849
295516964
295516931
295508821
295429179
295422340
295290840
295267599
295193717
295193527
295170932
295170027
295169888
295169087
294925513
294923738
294905700
294900397
294857886
294800691
294797283
294797211
294796870
294796045
294795185
294528637
294526451
294526384
294526304
294118449
294006978
294006917
293907454
293907333
293907275
293793963
293793643
293793459
292714014
292635011
292634156
292632790
292622159
292621698
292621248
292361251
292138221
292138002
292137938
292100886
291816072
291809276
291298583
291298449
291280563
291097693
291017654
290999221
290743771
290743691
290743179
289942429
289942393
289941140
289941113
289503085
289502585
289363676
289363621
289266630
289195930
289195777
289096068
289095374
289088390
289085316
289059834
288706851
288706688
288412418
288412193
288332420
288331790
287270718
287254147
286494157
286490780
285995206
285995187
285824716
285824657
285773997
285636876
285597163
285549008
285534461
285521500
285520713
285517959
285505529
285504201
285477527
285476611
285469911
285456801
285271621
285271571
285271517
284972421
284953372
284953321
284763281
284761600
284756699
284756656
284730453
284702512
284702469
284702411
284527037
284526632
284525020
284524942
284451958
284350524
284304749
284177377
284177054
284176447
284176379
284175802
284093585
284081308
283983944
283983874
283889317
283889255
283638061
283482674
283481359
283039531
283039365
283039039
283038925
282938907
282938899
282209545
282163343
282075453
282075051
281890917
281890829
281890442
281278381
281273104
281271149
281271013
280943121
280942900
280783098
280783037
280520262
280018399
279850759
279565412
279562460
279446118
279439698
279439333
279436161
279433102
279431456
279301670
279228304
278262522
278262467
277773332
277711376
277711278
277525046
277525034
277467511
277276071
277275941
277211433
277211411
277096583
276853358
276853272
276243350
276243068
275908988
275636527
275636512
275542020
275530444
275530424
275437595
275300719
275300590
275256429
275254258
275240811
275240751
275240535
275240508
275239909
275239405
275238930
275238342
275086452
275086414
275045914
274797909
274797886
274797754
274797717
274423716
274400405
274393344
274392917
274353243
274350630
274144523
274052618
274012239
273929739
273928274
273597528
273563298
273484725
273364416
272862211
272861700
272201509
271505884
271498083
271483305
271450770
271415600
271414720
271414046
271413863
271413601
271413471
271412494
271412150
271382273
271381853
271380212
271380117
271290860
271290706
271268338
271268219
271258923
271246261
271242218
270881807
270881789
270611292
270588492
270588311
270535008
270534681
270533539
270259678
270259611
270214590
270202922
270202712
270098585
270098543
269987729
269981371
269922011
269919436
269918921
269918897
269918631
269614948
269614821
269594959
269499789
269449831
269187328
269152271
269150807
269148784
268988055
268987711
268787176
268786353
268730461
268719844
268667913
268665669
268470299
268470117
268335176
268221972
268220499
267857597
267857161
267574607
267545815
267057320
267057268
266966115
266965785
266746240
266744131
266635869
266421182
266421100
266420497
266420446
266419919
266095731
266082415
266056073
266055858
265880209
265858822
265831895
265831832
265758504
265617617
265616787
265203113
265191158
264881760
264313639
264300686
264299038
264271231
264133283
264118637
264118449
264116455
264097517
264081214
264080854
263579256
263427120
263418514
263377594
262848622
262846757
262742877
262742563
262705569
262700823
262700311
262687346
262639923
262638487
262638349
262542587
262541715
262413265
262413248
262366194
262366166
262365558
262365535
262365237
262365210
262079114
262078942
261481549
261466539
261465784
261034260
261032901
260978416
260978301
260978141
260751852
260598924
260598844
260596398
260596336
260376041
260375568
260372993
260367748
260144854
260143838
260143671
260143520
260043269
260042788
260038776
258942993
258925818
258924599
258923969
258923882
258296018
258292444
258292231
258290249
258290219
258061770
257831042
257830952
257622592
257551376
257548848
257386559
257385642
257127290
257127012
257089217
257089119
256925080
256923219
256906206
256906184
256868815
256848820
256835653
256834406
256834275
256833771
256826218
256202966
256202698
256005969
255977557
255977524
255709320
255706611
255574412
255557202
255556972
255479378
255479252
255451060
255450324
255450278
255450157
255449591
255448881
255447985
255398009
255387626
255296714
255296353
255221030
255221004
255220672
255220527
254858716
254858693
254631110
254630591
254579645
254579038
254578495
254563696
254529924
254529233
254526482
254526238
254495800
254495314
254167335
254167210
254167160
254167105
254167040
254166985
254166877
254166827
254166767
254166709
254166133
254038798
254038768
253941267
253941246
253597003
253545738
253545608
253039839
253039240
253038799
253038558
252594896
252594879
252594770
252594755
252594283
252594142
252573515
252573295
252573199
252572650
252572558
252501729
252490737
252436443
252434814
252397548
252397461
252396376
252395963
252395084
252394573
252367546
252282176
252282113
252268356
252264741
251659919
251657385
251408026
251395665
251395597
251395538
251395191
251392926
251341113
251338537
250887959
250885769
250746207
250635004
250634981
250341419
250339811
250339741
250063876
250063331
250062992
250062097
250060318
250056289
249488104
249487917
249463411
249461117
249288388
249288226
248964555
248919055
248783906
248681953
248680891
248680779
248662176
248486405
248468884
248355350
248352777
248352750
248352708
248272568
248272535
248043300
248041122
247772975
247770766
247770636
247770134
247769890
247769437
247768701
247768422
247766614
247761552
247761448
247761270
247755516
247755405
247626696
247626430
247625829
247625762
247625655
246591674
246591642
246407133
246403933
246305723
246305633
246237386
246213015
246212751
246206083
246205883
245670951
245670492
245670336
245518974
245376758
245369099
245357838
245353988
245306765
245303682
245109950
245109827
245109165
244992484
244991421
244989737
244988496
244852188
244848752
244845052
244843852
244823529
244821900
244721156
244639868
244639142
244507825
244507735
244402740
244395180
244205700
244204838
244198636
244181766
244181678
244109233
244109093
244109048
244108664
244032206
244031103
243940629
243938843
243823611
243782477
243538116
243537092
243536873
243267299
243265615
243220799
243211508
243195844
242986414
242972237
242970163
242969434
242846686
242653510
242651620
242651343
242650192
242487898
242487293
242415841
242415606
242355352
242355220
242285619
242284674
242275813
242257999
242235808
242231429
242231044
242230836
242230548
241917414
241917349
241675992
241674965
241595445
241594673
241594648
241594487
241594296
241594120
241593781
241081452
241067563
240977440
240977223
240975363
240974332
240974167
240909726
240909676
240898855
240897717
240793033
240764275
240762453
240762293
240628426
240600126
240598625
240598018
240358527
240358506
240356145
240354394
240023601
240023183
239902409
239902407
239209961
239209599
239178076
239162035
239160444
239136501
239133239
239132385
239017416
239015453
238946865
238915231
238683845
238683530
237906225
237853042
237733087
237680535
237642268
237561867
237561298
237557252
237556703
237339473
237339416
237339181
237339108
237338996
237338962
237338817
237338789
237338563
237338539
237338297
237094711
237087628
236978223
236950556
236912432
236903536
236796225
236706845
236705265
236705119
236688595
236675416
236559332
236558823
236406785
236403585
236194125
236194088
236193955
236193928
236193918
236193905
236193869
236193862
236193839
236193818
235967027
235965120
235692259
235692131
235523430
235523191
235522120
235307702
235194834
235194717
235145047
235143303
234948879
234948757
234738171
234728735
234663973
234612068
234447240
234447063
234340704
234339477
234162824
234031556
234017270
234016869
233920323
233920106
233899582
233899461
233899353
233683990
233681245
233680986
233360997
233360805
233127592
233082314
233070115
233042475
233033606
232987580
232986857
232877395
232870096
232689155
232689129
232367328
231961477
231715304
231275458
231267163
231264944
230882650
230625089
230624920
230589097
230588415
230583951
230583586
230551375
230515140
229793620
229793565
229753672
229753520
228584606
228506676
228463365
228460375
227992343
227989308
227914947
227731264
227604244
227604112
227562619
227562564
227331605
227270216
227227197
227224984
227209043
227208086
227199529
227197589
227197187
227197039
227196969
227196100
227195962
227194426
227194294
227096015
227095913
227058699
226718278
226716949
226711538
226700546
226700235
226675706
226673032
226604310
226534583
226532753
226531844
226502273
226369887
226369527
226369277
226367975
226367883
226367623
226367524
226367042
226366654
226365620
226285627
226125513
226125482
226098438
226094964
226022834
226021962
226012177
225943459
225942426
225942018
225941794
225892387
225891629
225891292
225891040
225890899
225890450
225889964
225889604
225657519
225655511
225644874
225613630
225592996
225592647
225539669
225517991
225517170
225493014
225492312
225488530
225488260
225488092
225399444
225324140
225323561
225323274
225275651
225267122
225124747
225118192
225116070
225111926
225110398
225095478
225074476
225071102
225070566
224902925
224895694
224893444
224892425
224868755
224222745
224222262
224219235
224218905
224105941
224103748
223696872
223696804
223643904
223643839
223628927
223622225
223617362
223615425
223611742
223603221
223602601
223601374
223425125
223410288
223401784
223401371
223400989
223236154
223235525
223235441
223234943
223179281
223161789
223120562
222757938
222714027
222713805
222713562
222713384
222606630
222606175
222605666
222605371
222604729
222603792
222549899
222536024
222532167
222531358
222527203
222518151
222416621
222404108
222404041
222318263
222313885
222213916
222209582
221853491
221853419
221814482
221813102
221810314
221713511
221710118
221689382
221596667
221592857
221413725
221413373
221413297
221413141
221367735
221367556
221322735
221322391
221293608
221293470
221268623
221158357
221149638
221110407
221100860
221053127
221026433
221026325
221026251
221025923
221025675
221025546
221025406
221025297
221025121
221025021
221023725
221022413
221021993
221021179
221019761
221019212
221018632
221017225
220975090
220974591
220950085
220950029
220949983
220949920
220949830
220949659
220949366
220949322
220949182
220949137
220943751
220925460
220918837
220918303
220725186
220723144
220697715
220604696
220394689
220394529
220362958
220362787
220361727
220334264
220334193
220282665
220260387
220260164
220137266
220094561
220094545
220093942
219418505
219418469
219409104
219408501
219260085
219256139
219225953
219225875
218994389
218990417
218990200
218988662
218988635
218988528
218988487
218984786
218984452
218984236
218806020
218805944
218728201
218724614
218706629
218706029
218371854
218371818
218333009
218184300
218184250
218056705
218026674
218020197
218020046
217992487
217983400
217934243
217922210
217913096
217911587
217910037
217908490
217862567
217858115
217775362
217720524
217720271
217720145
217715448
217715246
217710235
217709989
217706383
217706239
217699026
217682471
217682409
217571560
217571347
217496000
217483716
217482972
217436962
217388024
217387381
217304096
217300477
217233132
217232896
217232132
217231950
217231436
217230279
217228948
217228437
217227267
217155823
217051686
217017986
216939867
216933889
216933395
216932268
216931703
216931313
216929018
216928535
216927850
216924510
216923830
216923588
216923336
216923199
216923039
216922849
216922643
216922149
216922083
216921756
216920388
216920170
216919637
216919555
216919456
216919360
216919177
216919040
216918604
216918430
216917716
216917579
216917295
216916962
216916513
216916410
216895948
216895706
216895628
216895561
216895496
216895437
216789956
216789704
216789434
216789349
216788975
216788867
216788004
216785079
216754830
216702161
216689493
216667353
216667161
216659187
216629262
216571446
216526729
216525914
216519654
216471264
216429463
216428723
216428328
216424754
216424694
216423913
216422385
216421425
216421366
216421266
216419809
216414180
216413322
216413218
216411514
216410169
216386262
216348014
216347568
216341731
216320318
216320109
216319853
216319809
216318562
216305304
216305168
216305046
216304237
216303760
216302700
216302310
216300962
216299799
216286697
216283702
216283246
216283023
216282560
216281738
216279710
216208700
216208676
215996693
215996582
215993021
215957692
215957563
215957428
215954567
215909376
215887801
215887632
215850811
215542659
215541629
215466261
215465994
215355175
215355147
215282949
215282447
215026586
215018762
214636648
214636615
214635943
214635918
214635631
214635539
214524090
214523188
214522924
214494046
214290008
214288267
214227979
214191224
214097610
214096985
213781073
213780953
213780415
213780251
213779610
213779135
213726254
213726112
213725715
213723949
213543499
213540254
213539387
213282369
213281983
212918032
212917243
212916961
212916871
212915137
212718696
212718675
212684484
212684353
212683511
212683217
212682325
212682282
212559553
212111715
212111702
212092389
211944886
211944528
211896507
211896285
211726445
211648059
211647854
211630681
211630649
211612541
211589968
211587809
211433848
211433533
211374945
211374689
210993226
210975872
210971889
210936158
210935416
210893535
210877356
210811684
210766109
210765868
210760049
210759702
210759649
210691292
210691270
210678128
210675749
210505901
210505812
210493966
210409730
210409374
210409119
210367269
210340993
210331796
210318052
210317965
210317818
210317804
210270174
210256332
210236978
210236680
210236636
210235699
210025004
209989403
209989199
209805743
209805354
209805221
209770712
209770607
209693653
209692028
209691833
209564727
209319662
209308216
209307764
209307573
209307439
209252020
209249325
209032539
209026446
208747951
208192460
208173474
207990781
207751103
207745121
207744995
207628103
207584513
207386348
207386099
207385243
207385049
207382770
207382408
207381987
207381943
207381577
207380950
207379134
207377615
207340448
207340221
207211388
207208690
207155047
207155025
207060437
207055912
207023181
207014132
206966476
206966253
206804982
206718322
206717735
206684345
206287410
206276772
206275272
206275189
206274581
206273689
206096341
206092031
206046318
206046140
205736418
204998783
204964680
204963797
204925672
204842767
204833561
204833054
204780922
204689902
204688172
204663200
204632566
204609340
204574623
204482200
204422472
204422059
204420323
204419891
204419513
204419429
204419266
204418053
204417905
204415790
204415694
204394686
204315590
204148492
204141017
203924559
203875506
203875438
203875126
203875093
203875073
203874982
203769976
203769411
203762845
203675468
203664302
203643678
203642962
203525189
203522201
203424817
203423845
203193570
203191258
203084717
203036113
203036056
203035941
203035890
203035840
203030742
202698341
202697737
202697019
202696973
202639605
202616642
202616526
202614392
202609812
202607874
202584665
202584387
202584365
202584232
202584154
202584095
202310405
202309121
202308963
202208326
201917419
201916686
201576379
201575488
201509614
201506907
201506735
201506100
201505763
201228156
201098480
201079647
201079631
200778822
200768006
200765975
200765549
200599430
200599354
200594016
200577028
200576740
200542940
200442321
200441316
200441025
200440120
200439333
200439005
200434456
200434378
200434101
200426879
200426269
200415642
200414546
200399923
200337992
200335935
200334966
200332377
200332252
200054946
200054679
199612428
199548139
199540608
199217977
199216799
199053041
198772596
198772450
198772257
198771999
198771543
198770688
198770648
198690996
198690968
198689105
198689062
198655590
198655108
198654859
198654744
198451275
198429512
198419306
198417507
197915688
197856728
197741528
197741262
197738200
197704229
197621314
197621248
197342478
197342389
197210252
197210238
197179219
197179172
197130818
197112188
197112170
197110787
197007336
196950554
196698259
196314211
196008204
196007933
195935383
195876685
195876657
195628874
195506966
195506941
195479045
195478934
195250303
195250224
195208077
195199655
195199366
195166840
194738185
194724897
194724882
194565808
194565033
194544445
194536266
194465983
194463507
194463462
194463184
194463164
194069718
194069701
194069489
194068480
193837447
193836882
193722958
193722757
193722618
193566284
193566060
193542978
193062574
192919746
192902849
192840225
192840088
192726669
192725673
192725599
192725567
192186599
192182141
191830690
191828821
191828666
191643266
191643180
191438218
191438180
191438032
191438005
191437999
191437971
191437912
191437803
191339794
191339719
191334715
191327274
191302195
191300201
191171391
190984260
190983567
190983405
190983214
190900866
190631447
190631342
190631257
190631190
190605002
189973880
189973790
189882505
189882494
189420833
189420766
189216858
189216776
189216746
188898207
188898076
188897331
188829362
188827942
188732083
188731611
188383898
188383039
188149166
188149146
187619229
187617375
187447499
187447480
187248614
186765246
186764336
186640931
186377166
186367241
186192463
186185040
186029396
186029378
185983145
185886285
185886164
185886018
185753466
185057204
185057123
185044864
184943117
184942786
184942746
184819725
184777713
184774737
184774507
184774354
184774171
184619886
184607332
184602447
184601353
184585235
184424015
184423898
184360162
184331940
184331636
184267233
184265532
184135057
184134840
184134628
183881783
183678253
183678095
183666883
183665778
183651533
183650125
183649678
183649417
183433706
183430533
183420915
183420797
183420486
183418577
183386295
183386285
183386178
183345830
183345814
183039498
183039385
183039080
183038879
182984969
182984844
182984513
182984142
182983747
182983429
182983356
182982047
182981768
182965538
182965502
182930298
182903539
182866185
182865022
182816383
182661511
182532060
182527481
182426249
182421855
182372450
182265984
182265963
182083949
181923857
181885183
181742823
181741829
181655028
181625164
181612208
181579059
181515198
181510995
181510854
181464203
181463815
181426975
181426743
181049258
180725425
180606781
180606598
180606531
180606360
180423184
180422137
180421958
180421837
180421647
180399362
180324987
180058093
179692607
179582225
179581022
179435706
179435618
179358840
179246511
179244491
179011126
179010803
178579206
178578943
178578709
178578179
178575756
178403294
177622141
177619516
177578513
177576894
177416632
177413417
177296285
177278208
177266494
177266176
177226309
177225814
177051837
177050978
177050849
176807072
176793649
176704596
176691965
176632088
176632003
176631593
176631375
176630516
176630290
176629908
176627398
176627295
176627202
176348115
176319093
176287795
176287635
175954908
175937465
175910459
175791977
175791915
175787961
175670335
175070786
175070368
174650013
174636167
174424049
174424005
174421735
174326481
174305346
174194921
174181181
174174131
174171016
174170986
174074407
174070633
173655500
173600595
173600331
173575127
173570767
173564284
173556716
173464146
173463994
173463923
173460410
173459929
173458398
173458112
173458082
173450536
173447804
173447685
173447631
173447383
173447318
173435798
173423048
172913478
172913382
172649681
172451533
172451476
172307888
172307866
172307548
171996704
171933511
171933396
171765343
171702312
171697979
171697395
171626670
171626646
171472837
171471661
171452716
171436410
171398845
171398308
171360070
171359730
171359598
171359469
171359228
171358916
171358722
171358674
171358604
171358558
171358245
171357358
171356499
171289990
171228607
171038258
171010432
170980485
170959344
170955526
170953611
170851569
170822659
170459191
170456115
170203217
169886398
169882776
169588268
169588177
169524904
169524770
169490993
169487842
169124656
169102231
169072024
168981333
168977693
168670053
168669365
168668780
168667614
168667495
168667338
168658582
168534617
168476935
168476695
168415986
168413075
168412853
168357295
168300106
168282638
168251003
168250251
168174048
168027039
168025380
168020868
168001703
167837031
167836468
167769444
167755429
167755261
167653320
167652666
167652646
167652354
167650005
167649549
167648738
167646406
167646231
167585122
167584593
167583191
167583085
167582865
167558964
167520309
167456514
166976485
166590956
166589827
166517244
166516679
166439368
166400058
166260903
166253716
166065866
166065087
166054394
166054019
166024055
165711044
165695200
165647796
165620844
165620521
165590457
165325649
165324868
165322045
165320925
165241850
164325629
164325246
164057980
164054241
164054084
164028936
164028513
164026204
163997114
163997027
163985174
163971770
163838072
163701356
163344206
163238153
163237792
163083820
163056971
162914538
162914052
162725046
162717958
162650769
162560975
162070209
162066947
162038239
162002725
162002660
162002318
161985809
161978662
161978515
161958125
161948868
161898584
161897600
161751493
161203004
161187078
161126625
160780642
160779658
160760398
160759546
160750681
160745439
160599376
159850906
159850811
159850490
159847909
159830498
159828060
159825147
159812992
159811586
159811345
159809302
159785433
159750521
159744867
159728221
159647449
159646276
159645697
159641958
159639145
159637373
159630268
159625574
159620888
159616346
159615788
159615546
159610755
159609286
159592302
159589151
159497424
159431247
159431177
159428874
159428478
159427709
159427501
159291513
159248964
159246674
159246380
159245702
159245466
159243416
159223535
159222107
159221545
159187923
159186182
159074237
158808533
158775348
158775256
158775059
158774951
158757896
158757664
158741077
158740941
158740758
158740682
158740391
158176830
158176355
158175757
158148685
158100143
158100089
158051316
158050625
157743522
157724104
157723768
157723549
157585015
157165473
157165397
157152587
157151977
157150688
157150557
156933312
156932986
156932323
156932290
156917959
156816404
156534033
156534008
156533834
156533507
156483913
156475553
156387799
156387349
156309241
156308582
156308394
156161814
156161627
156161557
156134100
156134060
156133644
156132893
156132375
156132060
156131929
156092271
156092183
155915918
155891282
155891128
155877815
155511642
155307868
155307779
154956226
154956206
154845504
154845404
154845072
154844711
154621533
154621091
154580550
154575950
154544605
154544132
154069641
154069003
154063912
154063794
153959373
153954571
153295019
153288513
153200080
153199703
153183531
153181766
153181454
153179170
153177146
153095813
153088883
153088678
153088267
153086752
153076707
153076213
152897099
152897031
152895628
152861787
152861124
152755182
152750282
152707279
152707084
152706934
152706791
152504149
152503635
152312434
152268324
152268202
152268012
152209732
152208510
152161100
152018284
151579479
151423124
151422807
151417457
151405622
151400022
151398166
151378156
151378025
151375316
151374906
150637877
150637744
150467134
150444412
150438378
149989570
149387196
149383224
149308842
148701655
148700680
147965904
147956113
147763608
147752137
147581387
147581345
147580933
147580914
147574949
147565533
147565400
145568234
145568130
145436836
145435276
145434121
145431833
145431720
145431048
145312451
145311778
144877578
144876130
144863073
144717500
144539427
144358382
144322579
144285445
144285319
144133621
144130640
144130563
144100032
144099814
144060816
143817758
143756611
143756506
143456478
143416116
143075941
143075867
142928511
142899021
142891232
142874676
142874586
142822905
142675264
142673124
142593521
142593475
142547262
142547157
142488552
142486773
142413747
142385363
141933214
141825296
141807445
141308275
141304857
141302161
141301969
141300881
140667633
140661478
140661328
140549710
140312783
140299676
140242625
140242023
140241044
140220218
140219594
140215137
140212252
140204607
140197674
140195384
140192601
140192457
140191703
140158403
140106636
139958103
139925220
139650513
139261434
139260655
139205845
139205829
139152069
139151393
138725735
138725201
138296516
138296377
138292650
138255622
138104573
138103064
138102976
138102802
138102433
138102363
138102230
137895626
137823512
137823032
137822613
137822415
137469654
137432291
137431005
137163700
137129361
137045331
136734702
136421573
136345756
136345493
136130001
136129236
135797081
135788910
135481358
135445081
135444497
135367662
135365357
135357556
134806437
134274182
134273720
134003666
133891998
133296245
133239583
132783116
132776156
132684865
132563657
132560406
132552952
132552802
132428368
132428126
132401238
132400436
132400351
131805695
131797015
131655101
131599150
131586535
131428525
131427708
131368915
131366319
131365086
131346677
131345666
131263200
131262934
131262822
131262801
131144959
130315218
130314707
130243583
130243565
130235712
130112198
130108970
130108499
130083049
130077466
129952841
129895940
129893700
129857862
129848212
129627503
129627417
129626698
129626315
129517564
129517513
129489362
129305164
129000924
128999452
128625705
128620623
128620503
128620471
128444930
128444068
128349835
128349558
128349323
128348979
128348735
128110057
128100581
128086515
127942715
127808337
127782337
127757929
127729242
127504695
127504174
127281441
127253563
127252428
126891319
126738869
126676173
126676102
126509040
126507803
126278067
126277759
126096455
126094923
126092247
126091352
126091280
126091120
125927021
125913223
125788100
125774299
125689753
125678442
125469486
124865274
124817409
124801204
124684611
124593610
124509133
124509001
124506919
124505806
124505445
124505089
124383376
124383346
124369218
124368824
124368213
124180116
124178786
124178091
124176706
123799602
123797028
123297472
123283465
122850752
122850291
122847663
122794240
122776673
122776550
122471366
122471296
122432166
122409958
122409569
122153321
122152343
122123640
121687338
121674845
121486696
121474666
121463778
121462186
121461797
121448637
121432819
121424790
121424430
121415161
121408829
121241132
121178806
121112115
120842296
120763740
120763413
120763027
120763012
120761411
120761259
120755229
120752839
120752577
120752116
120751593
120749884
120741467
120667288
120666545
120487163
120469873
120302884
120246218
120241630
120239854
120235958
120235699
120221333
120220858
120220625
120219677
120174481
120172536
119978603
119978424
119978115
119977716
119977417
119975581
119969271
119969130
119969083
119936038
119932002
119808008
119724341
119024421
118919073
118918871
118915638
118915043
118912120
118841354
118677140
118675739
118664623
118663097
118656196
118643409
118642755
118639750
118518989
118518642
118509231
118503371
118502589
118491305
118490846
118490670
118490457
118490248
118490087
118488590
118486445
118484992
118483518
118482900
118481474
118481302
118480218
118479753
118479684
118478118
118477073
118476989
118475204
118474968
118474843
118474527
118474179
118474026
118473666
118472255
118471566
118471245
118468538
118468480
118468309
118466873
118328512
118326412
118299107
118271420
118056357
118054688
117978815
117924987
117884758
117884691
117879464
117879228
117785278
117785110
117472259
117455499
117408293
117157532
117156471
117155004
117154291
116937463
116912212
116912087
116911939
116903905
116875056
116849135
116791431
116791269
116790784
116553024
116552744
116332788
116332723
116208692
116207554
116206196
116204975
116204539
116203941
116203901
116201542
116110222
116110203
116062216
116054640
116054284
116054012
116053687
116053203
115966165
115966106
115965182
115965084
115483151
115478733
115478618
115460107
115459217
115456570
115451774
115450066
115376526
115186880
115182340
115101971
114997388
114969066
114936155
114936141
114919372
114916928
114849359
114848011
114847246
114563565
114545436
114521999
114398254
114384980
114384710
114384333
114384236
114030372
114015678
114013051
114011794
114011645
113984145
113925572
113912845
113912761
113808609
113791509
113784209
113783854
113782906
113780632
113748720
113665356
113664905
113638766
113578913
113499901
113498091
113425731
113327305
113307325
113300971
113298967
113298743
113129256
113053875
113053391
113052906
113030942
113015339
112537574
112536644
112534714
112534640
112457515
112432314
112432230
112432151
112400412
112400329
112392544
112392333
112391696
112391315
111946360
111855532
111855036
111821214
111820887
111820808
111820758
111820581
111820268
111819994
111817975
111731469
111731249
111730454
111724477
111724106
111722532
111615430
111615191
111593583
111591723
111569884
111507010
111498189
111405146
111245288
111244872
111173521
111169522
110739128
110638109
110607785
110551738
110551652
110547221
110547093
110542972
110542922
110542877
110542815
110542539
110542455
110542176
110541137
110541051
110321692
110281249
110280805
110280712
110279919
110259740
110170053
110169750
110169669
110168083
110167926
110167857
110167798
110167528
110167465
110167054
110166509
110166330
110165763
110165590
110165172
110164907
110164635
110164336
110163943
110163545
110163344
110162629
110024794
110024739
109978064
109947010
109944598
109919256
109876520
109875342
109853819
109853684
109852552
109852358
109852190
109852072
109851991
109848486
109843557
109801275
109799542
109798395
109798084
109645552
109644285
109644050
109643807
109643196
109643089
109590754
109590249
109589408
109575875
109527301
109527241
109478386
109476561
109476385
109476301
109476118
109475416
109475086
109474449
109474210
109471342
109453712
109453635
109434641
109398045
109397814
109393944
109351908
109351552
109344302
109312218
109312190
109222469
109221819
109220637
109216348
109187222
109184781
109162424
109161974
109145978
109145587
109086674
109027040
108866171
108846267
108673874
108653511
108641977
108641627
108630594
108629524
108629176
108629087
108628700
108628591
108628231
108627914
108621496
108619906
108604270
108598237
108598170
108597940
108597642
108531148
108531036
108530941
108530852
108435569
108429038
108418188
108416255
108415225
108414920
108402312
108384156
108380961
108379730
108379590
108378982
108378795
108378218
108377991
108354139
108348110
108347114
108344079
108341900
108327285
108213628
108198450
108177954
108173622
108173219
108171024
108132012
108125322
108092096
108080007
108079557
108079224
108066810
108060199
108060040
108059886
108059854
107988678
107967631
107936263
107935908
107935753
107861832
107855869
107854507
107849213
107825679
107825379
107825029
107821021
107820577
107804148
107771654
107729571
107643558
107643405
107566482
107566250
107566108
107357974
107357862
107311361
107306565
107138144
107137440
107100540
107100033
107095330
107086166
107081008
107079138
107078521
107044655
107013847
107013054
107012791
107011767
107011122
107010497
106735828
106682839
106658638
106650393
106649903
106634698
106423441
106422307
106378857
106306006
106282078
106246275
106081305
106062252
105922469
105922336
105902021
105861230
105859645
105859025
105730489
105550948
105549334
105400072
105394885
105343502
105343345
105224099
105179695
105175541
105171608
105169842
105168898
105168008
105167894
105167097
105165882
105165638
105165493
105164291
105163507
105160293
105160250
105160203
105159166
105158832
105157504
105154621
105151712
105150899
105150763
105150629
105149844
105149663
105142493
105137012
105136896
105125513
105121735
105119994
105118644
105117929
105109293
105092266
104999288
104999009
104996965
104996899
104991633
104876047
104850346
104850120
104774156
104768253
104767704
104767378
104766729
104734949
104723465
104720633
104717924
104572173
104537407
104525927
104510277
104476899
104476126
104475899
104461083
104452766
104441186
104340384
102875678
102875502
102866793
102802103
102801746
102794575
102763195
102762653
102759160
102758620
102727399
102722584
102721730
102654747
102613890
102597421
102597248
102590697
102567423
102545734
102525272
102507124
102506215
102505863
102492204
102479682
102448147
102430419
102367031
102357247
102315116
102282924
102222678
102222392
102187220
102150661
102115104
102100585
102076033
102075740
102034584
102031903
102031706
102029081
102028899
102028405
102012327
101987910
101932745
101932492
101930076
101929879
101928080
101927476
101927002
101926778
101890901
101888520
101881195
101877813
101865819
101865010
101862767
101861910
101855089
101854841
101854717
101854641
101854503
101853517
101846335
101843296
101806203
101802313
101799525
101799463
101789947
101789748
101789541
101789219
101788136
101772091
101768610
101767215
101766800
101753230
101753158
101752464
101751975
101747384
101746833
101746779
101745523
101742943
101742836
101741326
101741088
101740924
101740499
101740240
101739993
101738646
101736847
101736569
101735034
101733608
101733518
101732417
101732010
101731905
101730737
101730296
101729703
101729410
101728883
101728359
101728141
101726900
101726757
101726519
101726161
101725415
101703545
101703406
101660003
101659280
101658039
101657286
101657151
101656938
101656825
101652478
101641840
101621381
101620353
101597307
101582981
101582014
101581563
101579730
101579437
101573596
101573071
101572781
101572218
101571895
101561809
101561387
101560563
101556003
101555602
101554829
101554616
101552962
101549847
101548000
101547920
101522200
101482533
101482260
101480897
101480651
101479563
101477467
101475071
101472962
101452582
101447148
101446936
101446433
101441740
101432662
101431793
101430982
101430687
101425264
101424608
101424133
101423766
101423241
101419426
101416776
101413930
101413776
101413014
101412856
101411372
101410634
101408724
101408173
101407996
101406849
101405500
101405324
101404948
101402183
101401428
101401060
101400519
101399713
101399218
101398767
101392222
101391834
101391725
101391580
101390650
101387877
101387595
101386830
101386587
101386095
101384166
101376984
101328438
101323596
101320748
101319198
101317109
101316278
101313492
101312324
101311709
101292178
101275200
101275029
101274917
101274649
101273952
101273240
101272897
101272315
101272085
101271836
101271344
101270626
101270456
101270324
101270122
101269997
101269858
101269653
101267845
101267665
101267498
101260944
101257540
101257094
101255833
101255632
101253980
101253791
101253461
101252025
101251095
101250890
101246303
101245783
101244983
101244496
101244346
101244245
101242941
101242464
101240882
101240708
101240003
101239211
101238676
101237924
101237638
101205652
101205502
98587214
97958913
97400673
97400507
97394287
97384725
97384197
97382439
97381836
97381530
97371414
97368578
97360905
97360506
97314466
97264869
97259717
97254003
97253094
97252759
97232541
97217979
97213270
97207123
97206034
97205833
97205656
97200077
97196231
97191893
97165421
97160561
97158217
97156349
97147599
97145720
97114671
97113822
97074726
97074593
97072501
97071953
97069761
97069197
97069080
97068468
97067744
97067128
97060146
97059274
97058963
97054304
97052808
97052044
97042305
97038249
97038091
97037652
97033565
97027976
97027733
97021200
96998795
96998592
96998377
96997997
96997578
96997172
96996304
96993299
96992393
96991700
96987353
96966678
96965957
96953790
96948570
96948122
96947331
96945247
96942784
96942615
96942051
96938611
96938399
96933100
96933038
96932103
96929935
96929806
96928366
96928156
96925589
96925485
96925401
96907833
96906052
96905638
96874769
96874528
96872654
96867135
96795038
96790678
96790403
96786161
96786039
96785884
96785737
96785484
96782318
96782309
96782175
96781801
96780355
96779936
96779508
96779377
96778795
96778657
96778326
96777696
96767191
96766406
96765779
96765399
96762938
96761620
96761133
96761075
96756648
96755840
96755271
96752144
96750877
96750243
96750036
96749914
96749364
96749259
96748749
96748390
96747535
96746860
96746199
96745970
96745764
96745568
96744831
96744615
96744338
96693082
96638294
96637658
96637493
96637365
96637232
96636907
96636424
96636363
96636123
96635988
96635862
96635302
96540376
96363376
96295391
96295044
96280988
96280858
96275825
96273772
96273278
96265801
96224095
96223711
96142898
96129012
96126265
96114268
96108208
96104015
96072224
96072184
96071450
96071256
96017685
96017359
96012373
95965273
95965023
95932329
95928497
95832935
95759967
95718322
95649879
95610004
95524940
95447860
95443517
95440075
95425376
95423646
95422216
95409921
95409817
95350621
95349815
95349791
95343088
95335958
95311433
95307938
95307273
95307168
95307040
95306793
95301480
95301298
95297880
95293679
95225440
95222220
95213486
95213299
95212909
95212312
95211966
95138660
95130079
95055335
95045815
95042654
95042317
95015101
94987638
94905364
94904930
94904506
94894585
94892887
94886865
94886739
94881857
94880494
94704893
94683537
94634208
94607347
94580165
94573503
94485204
94454040
94453936
94441854
94441811
94388982
94330640
94317974
94313326
94301075
94299545
94298853
94282828
94265523
94142642
94142070
94141671
94141350
94140782
94052412
94000515
93988021
93879054
93878773
93819833
93814713
93813519
93771838
93770827
93698978
93681246
93652482
93624359
93624069
93479048
93451919
93387099
93333953
93319344
93228728
93180196
93152038
93141183
93050816
93043857
92982747
92962659
92947165
92942361
92942256
92942168
92942131
92941789
92941619
92941377
92941248
92890420
92832117
92830503
92830291
92830184
92829258
92828714
92828562
92828425
92806381
92764235
92764172
92763907
92728862
92629686
92628144
92627996
92621743
92467568
92419042
92368448
92249541
92249455
92166449
92155031
92154882
92154264
92021582
92019332
92019165
92014733
92012142
92011939
91892664
91890542
91889775
91831498
91831477
91802914
91802146
91792088
91727155
91645616
91644551
91394981
91323221
91049651
91016056
90985640
90931548
90929645
90927893
90927386
90925195
90914801
90914321
90890128
90889677
90888983
90888901
90846507
90846465
90844151
90843152
90842592
90842521
90842049
90841845
90840061
90839262
90831424
90703022
90697966
90678843
90667359
90667258
90572497
90552385
90551526
90485490
90485443
90456068
90230718
90230675
90230618
90230527
90230478
90230452
90230431
90207453
90200261
90199878
90199791
90094809
90074568
89649884
89514641
89513335
89444810
89444415
89276953
89273541
89171493
89068475
89068339
89067575
88904059
88890425
88731187
88731054
88706500
88704505
88461105
88361306
88133596
88131569
88131302
88114169
88067938
88049571
88012124
88012032
88011892
88011406
88011295
88011129
88011112
88010999
88010844
88010731
88010681
88010442
88010438
88010380
88010353
88010307
88010271
88010170
88010108
88010097
88008503
88003738
88003531
87989896
87989053
87892031
87775791
87775612
87733196
87562129
87562094
87561990
87561881
87561620
87561573
87561477
87561403
87561086
87560874
87560649
87560627
87560562
87560522
87560458
87560368
87560277
87560244
87560087
87560086
87559868
87559700
87559637
87559185
87467703
87283215
87169966
87004316
87004235
86977655
86977630
86360143
86286995
86264373
85938859
85932155
85893130
85871598
85871210
85629981
85609250
85490552
85487131
85331932
85282422
85280592
85045525
84917367
84917171
84676194
84674331
84480955
84479556
84465701
84465599
84409864
84380913
84380905
84320301
84289746
84289504
84194109
84194076
83874195
83870841
83802983
83802382
83702462
83613454
83539581
83539442
83539165
83538832
83394823
83394550
83306878
83262031
83145363
82635450
82584804
82565231
82174361
82166795
82166770
82166722
82166719
81905069
81881632
81878899
81877328
81763535
81763362
81762131
81762109
81762053
81761968
81761468
81761384
81761352
81755936
81755913
81755713
81675859
81480930
81291219
81268165
81100816
81099954
81086679
80943851
80909231
80908425
80905571
80905281
80903603
80869842
80869291
80856730
80856651
80764986
80763716
80751456
80742079
80737434
80718737
80596369
80435476
80433870
80427837
80423449
80373903
80358065
80347028
80343677
80247813
80246179
80139488
80113781
80113505
80113306
80113110
80112374
80111964
80101100
80099838
80090987
80053362
80012402
80011975
79901069
79874385
79874045
79861804
79811946
79783237
79500139
79500114
79372577
79358427
79019807
79019217
78898397
78898165
78821699
78761190
78441355
78441140
78441025
78430048
78388604
78367959
78280493
78275876
78267406
78141482
78141383
78130548
78091007
78023315
78017787
78017646
78017500
77948495
77867883
77828163
77827966
77827674
77681865
77579015
77522089
77519954
77502637
77492431
77310837
77310308
77304351
77304306
77132762
77115397
77049664
77034364
77033945
76971763
76971629
76971503
76971232
76971173
76601607
76601546
76543981
76541368
76480713
76400748
76389760
76384705
76384611
76313165
76305405
76301489
76292643
76169429
76169321
76169213
76089400
76035085
75959308
75959170
75930067
75930000
75927899
75926786
75794634
75787650
75689505
75621484
75621087
75501856
75303078
75302513
75302387
75302288
75301964
75301639
75301525
75301159
75216140
75216058
75203454
75203357
75194966
75192792
75172085
75163890
75154662
75145224
75129754
75090728
75076887
74997622
74685289
74618366
74547401
74436787
74432926
74427647
74289442
74288459
74210110
74200280
74199869
73991450
73976755
73948678
73842691
73821696
73754085
73738206
73733838
73577554
73577096
73522459
73521853
73512867
73487439
73487212
73486330
73484673
73479706
73450833
73195788
73162865
73162713
73162670
73162624
73162517
73162391
73149485
72926057
72925824
72925485
72910511
72901849
72544635
72544498
72539036
72512473
72451143
72424141
72345739
72318875
72186949
72186314
72149069
72147195
72077346
71790334
71767023
71625210
71624862
71186057
70984013
70983809
70954463
70915495
70913846
70802639
70727336
70644701
70644514
70556023
70538018
70286771
70286673
70212694
70154443
70154405
70153481
70153433
70153310
70153269
70153213
70153157
69973945
69973614
69973496
69921894
69921480
69916292
69915502
69913006
69885990
69835807
69800240
69782174
69782013
69743564
69693544
69633478
69629571
69592407
69530334
69362303
69362296
69349026
68951304
68706984
68701952
68697847
68562432
68525087
68494996
68341732
68341617
67783040
67782184
67781704
67781480
67781229
67780322
67692328
67634492
67613768
67524905
67523994
67523809
67237549
67237171
66769564
66769525
66723271
66696741
66696471
66425611
66180104
66179972
65868739
65819115
65818267
65806565
65418748
65323134
65322886
65225439
65225396
65200738
65185201
65184990
64976638
64909254
64908680
64906310
64906210
64746246
64321748
64147909
63737249
63731181
63600670
63533385
63391381
63391322
63390379
63390358
63390276
63389892
63270579
62801409
62731053
62414908
62414817
62379560
62340590
62082615
61977258
61933308
61932848
61932769
61810303
61749271
61530695
61424237
61369488
61355531
61354201
61309265
61309220
60987957
60958995
60684839
60649337
60649019
60648685
60454074
60454016
60379771
60368246
60297490
60209678
60209656
60011236
60009368
59997664
59970062
59969738
59906793
59902018
59901914
59901492
59900959
59633910
59551363
59487941
59464103
59451679
59259960
59259552
59200839
59197221
59196254
59196149
59195884
59195853
59195671
59195317
59195021
58940098
58939774
58938855
58938792
58902874
58896730
58895655
58859761
58859534
58859449
58816267
58813548
58805204
58630536
58223451
58166424
57838525
57837334
57837261
57835884
57820001
57819903
57816715
57431314
57426053
57066664
57046204
57045149
57042712
57024053
57022968
56822743
56784982
56760457
56760442
56564208
56401405
56393961
56236580
56202173
56200153
56140986
56119606
56072813
56072780
56072721
56016794
55934963
55932235
55845254
55552606
55545682
55288989
55112480
55112307
55112241
55111954
55111818
55110902
55110712
55108371
55108178
55107916
55107617
55103969
55103695
55103499
55103461
55103359
55102976
55102886
54925352
54925297
54859043
54744428
54729005
54662366
54336046
54178205
54178198
54115924
54068324
53832685
53774317
53774236
53665996
53665983
53640530
53621953
53580642
53548337
53547528
53547383
53471789
53391078
53231992
53231892
53156868
53128087
53059722
53014057
52974449
52728987
52615699
52487782
52481917
52247727
52164886
52095261
52044460
51732744
51717188
51628389
51615602
51585143
51584991
51578624
51575405
51332875
51332687
51306960
51306920
51306874
51306564
51306258
51306144
51306112
51306072
51282987
51280337
51280267
51078162
51077954
51077450
51042746
51042157
50885430
50701941
50666141
50659398
50419591
50394020
50289233
50270127
50267849
50265629
50265338
50096676
49987101
49980110
49218989
49196447
49182128
49182044
48865384
48864246
48827338
48792442
48514287
48319821
48318325
48317540
48286849
48277084
48232479
48232288
48231857
48231591
48231473
48229078
48228781
48226016
48218444
48169682
48150992
47997541
47997461
47872310
607121768
607105175
607103130
607072809
607068730
607068534
607068289
607068129
607047457
607047258
607047057
607046932
607046259
607043249
607043159
607043027
607042850
607042555
607042349
607037458
607037310
607036898
607034010
607033889
607033696
607032340
607032167
607031916
607028730
607028387
607028276
606977649
606935356
606898867
606320352
606311351
602080950
601350504
601118551
596377275
596366429
595823082
595822685
595822451
594613284
594613210
594613084
594612941
592165833
591108352
588533672
588515845
588165319
583829658
583468598
583235818
580774418
580344495
580341799
579474757
579141315
579136305
576304188
576303022
575436254
575436133
575435901
575370851
574437217
570556194
569146572
569145557
569145394
568187901
567914870
567911005
567910926
567305062
564894447
564373706
564373584
564370118
564208351
564205287
563449815
563370721
561743480
561543616
561521885
561086687
560935773
560780283
560780090
560779907
560770410
560691924
558778464
558385057
558384776
556638351
556315409
555136978
553745453
553739736
552901449
552678284
552651871
552625781
547849362
545725894
545290810
545259141
545229916
545227675
545220136
545219544
545216134
544972378
544971913
544516906
544516626
544127745
544050957
542251001
542094415
542023425
542018215
541995821
541972955
540891258
538665266
538616100
536539255
535489947
534888803
534884457
534881940
534878597
534728932
533565837
533367223
532016777
531493874
531490991
531481369
531481265
531474772
531473316
531427349
531401303
531237710
531237400
531237307
531236987
528105496
527417432
526079693
523997245
523994776
523895583
523886860
523836570
523770466
523770159
523297378
523297247
523297055
523295951
523295744
523107577
522855467
521013994
520992460
520756059
519949557
519941359
517804362
516382224
515028035
513785690
513780022
512343903
512343799
511963568
510191087
510163687
510163469
510125401
509323042
508735841
508731121
507781164
507724936
506524833
504148515
500926190
500668071
500426923
500423788
500164843
499532342
498743306
498368381
498367527
498366602
497635499
496925286
496924971
496491399
494850584
494037343
493908148
493802513
493801925
493801176
493800966
493800664
493800274
493800011
493799720
493798958
493798606
493797011
493697464
493627311
493621792
493546311
493340044
493339939
493299179
492743249
492743087
492742754
492742286
492331692
492331536
492142832
491670206
491670003
491584393
491581645
491581453
491581257
491342435
489827237
488721468
488038298
486334538
485583046
483863126
483862981
483861837
483518053
482067347
481821310
481715111
480915131
478614659
477636264
477636215
477245985
477244597
477200595
475330080
474107704
473420782
473420401
473420110
472205283
472184294
472184158
470903760
470846786
470170243
469234888
468889752
468793824
468038107
467974035
467847781
467847682
467194721
467188289
467155869
467147951
467059109
467058763
467051091
466988205
466985821
466869987
466851820
466570700
466407419
466052106
465990146
465795246
465625600
465615962
465403002
465302550
464583524
464231064
464230073
462901770
462387207
461927223
461926834
461503585
461396008
461385313
461383748
461215520
461212722
460844268
460841916
460841487
460811510
460268949
459648199
459647970
458744497
458566924
458566741
458566646
458071447
456814699
456713614
455415096
455296699
455253135
455250248
454963074
454962553
454962379
454962051
454961430
454960897
454960467
454960046
454959830
454959546
454958724
454957830
454792421
454792222
454787848
454787547
454787310
454498055
454497688
452294574
452294385
452293908
452106461
451810888
451775342
450565208
450397541
450397482
449302999
449284876
449283518
449283364
448380365
448310155
448201688
448164925
447988916
447984429
447977992
446845785
446299134
445832676
445560418
445559731
443779877
442639114
442636949
442612223
442603123
440758726
440758523
440733236
440587888
440587764
440587372
440586815
440586702
440515449
440514612
439475656
439378165
439129018
437737819
437700139
435448930
435398278
435263886
435207856
433800758
433799702
433788609
433788232
433787984
433787779
433394398
433389697
432963448
432936483
432848770
432848395
432848179
432795413
432776593
432755394
432752751
432600146
432507731
432506195
432505347
432502955
432502809
431887946
431887619
431759942
431757743
431757720
431711313
431711209
431710966
431707162
431705291
431704844
431702344
431699693
431691138
431673838
431560382
431558559
431556401
431539391
431525564
431298429
430972599
430971028
430939672
430857987
430845794
430162706
430162599
430162508
430162388
430162254
430162047
430161991
430161763
430160672
430160136
430160099
430160005
430159975
430159753
430159742
430159288
430159224
429958011
429913235
429912563
429844936
429641575
429641557
429444718
429444342
429444295
428621677
428621602
427537802
427189680
427177623
427158512
427158499
426877194
426822966
426512215
426278953
426278850
425766584
425763830
425527270
425527034
425403385
424501562
424469032
424454245
424243080
424242986
423409291
423373230
423372040
423371965
422766579
422766476
422661766
422659997
422526083
422525572
422257495
422257367
422257262
421324978
421324323
420948037
420918224
420893916
420881859
420876919
420876246
420876021
420562408
420453695
420433294
420058042
420034625
419997504
419997291
418560562
418404841
417925968
417925665
417845960
417830290
417608011
417396139
417385109
417349122
417055225
416979561
416968998
416968230
416967632
416967456
416895381
416484781
416207635
416207503
416201626
416197195
416196989
415123237
415120346
415118348
415118223
414192971
414189983
413618270
413612094
413603029
413597846
413418132
413106372
413106031
413024134
412992031
412915308
412915294
412915043
412914915
412914648
412914625
412893628
412797936
412797893
412459645
412459584
412080742
411905954
411905784
411885068
411885046
411885010
411884806
411848926
411799029
411561100
411465592
411461787
411416591
411330627
411330581
411276047
411257150
411256467
411255614
411221582
410981958
410163159
410119320
410107243
410064601
409952855
409908668
409877018
409876986
409852009
409817343
409817047
409657569
409617828
409617809
409597859
409597309
409577255
409565251
409517570
409492674
409469388
409421615
409411617
409404561
409402035
409400521
409400181
409350702
409329225
409301554
409300292
409251003
409246251
409244552
409243826
409241184
409240741
409238758
409237871
409235985
409192479
409192454
409161313
409158668
409158474
409157418
409133533
409130176
409102925
409102831
409080062
409078431
409078006
409077932
408953616
408953413
408952888
408952434
408949821
408949021
408946112
408945959
408924076
408921874
408921755
408920762
408904581
408886160
408885658
408882477
408825725
408816780
408816679
408815629
408814899
408814624
408814281
408813517
408812928
408810483
408763283
408762376
408760727
408747508
408747244
408741846
408740164
408709894
408709394
408708306
408708019
408701585
408698558
408698328
408676564
408676540
408586086
408585349
408585003
408557196
408555071
408551460
408551396
408551296
408549397
408549098
408495646
408495610
408494838
408492861
408491834
408491728
408491417
408488046
408487555
408447991
408440554
408440204
408439743
408439650
408432909
408078461
408078220
408068802
408006391
408006202
407922307
407863060
407858868
407818637
407754955
407752428
407752175
407751491
407687852
407584802
407584599
407548456
407548201
407504074
407465488
407465119
407461614
407452583
407375457
407375433
407372784
407241921
407238915
407236607
407236479
407210644
406184926
406183534
405764980
405764851
405566130
405543172
405542680
404659033
404657860
404566924
404566917
404410844
404405647
404394638
404394395
404300219
403426129
403425944
403409349
403409335
403298909
402878057
402876601
402784442
402784297
402783367
402776951
402776649
402774056
402773872
402768513
402762668
402762429
402762155
402761852
402761570
402761465
402704453
402696545
402696438
402696367
402693352
402692867
402639822
402627054
402593761
402593740
402123006
402082370
402025082
401982779
401978180
401978032
401934174
401856296
401854863
401854521
401721969
401519603
401519586
401143217
401142969
400930372
400930117
400763978
400763937
400763826
400763701
400727899
400725373
400725280
400705947
400705813
400612605
400611917
400408328
400408308
400392261
400392022
400334152
400334135
399876179
399876098
399601134
399291810
399291709
399199620
398751658
398742154
398314608
398256017
398255795
398127316
398093989
398071035
397874445
397868948
397770109
397639298
397433193
397358689
397354436
397298114
396755778
396684104
396647159
396606672
396582390
396549651
396548696
396548176
396547994
396547910
396547226
396445730
396441705
396301314
396266532
396248439
396235817
396235802
396235065
395917713
395917273
395880606
395880553
395880409
395722366
395722076
395695704
395646662
395646512
395646128
395645711
395645433
395627726
395627658
395627523
395627418
395627280
395523249
395494695
395494409
395492120
395492024
395271856
395207626
395204921
395133742
395113281
394857713
394854775
394852569
394844458
394819714
394813364
394767123
394767003
394766448
394764726
394764717
394764515
394764327
394754973
394754605
394752793
394630950
394495569
394494861
394337722
394248840
394174510
394006020
394003916
394003798
393944197
393943490
393933930
393933797
393932057
393930298
393901835
393875577
393862526
393862070
393861053
393857937
393857692
393857345
393856987
393610693
393558473
393546441
393239159
393236965
392943898
392901212
392740746
392725225
392718582
392622053
392616998
392533384
392500850
392390606
392390327
392351452
392243438
392168280
392162368
392162032
392160613
392136682
392124834
392124808
392118607
392117898
392001798
391742813
391742118
391741308
391740667
391726238
391569230
391569139
391242149
391176403
390954981
390783738
390781722
390780594
390122419
390019125
390019095
389875713
389869488
389752396
389654194
389493417
389493021
389459635
389428390
389353037
389348431
388901507
388554126
388462666
388451859
388451692
388451416
388451371