
607121768
607105175
607103130
607072809
607068730
607068534
607068289
607068129
607047457
607047258
607047057
607046932
607046259
607043249
607043159
607043027
607042850
607042555
607042349
607037458
607037310
607036898
607034010
607033889
607033696
607032340
607032167
607031916
607028730
607028387
607028276
606977649
606935356
606898867
606320352
606311351
602080950
601350504
601118551
596377275
596366429
595823082
595822685
595822451
594613284
594613210
594613084
594612941
592165833
591108352
588533672
588515845
588165319
583829658
583468598
583235818
580774418
580344495
580341799
579474757
579141315
579136305
576304188
576303022
575436254
575436133
575435901
575370851
574437217
570556194
569146572
569145557
569145394
568187901
567914870
567911005
567910926
567305062
564894447
564373706
564373584
564370118
564208351
564205287
563449815
563370721
561743480
561543616
561521885
561086687
560935773
560780283
560780090
560779907
560770410
560691924
558778464
558385057
558384776
556638351
556315409
555136978
553745453
553739736
552901449
552678284
552651871
552625781
547849362
545725894
545290810
545259141
545229916
545227675
545220136
545219544
545216134
544972378
544971913
544516906
544516626
544127745
544050957
542251001
542094415
542023425
542018215
541995821
541972955
540891258
538665266
538616100
536539255
535489947
534888803
534884457
534881940
534878597
534728932
533565837
533367223
532016777
531493874
531490991
531481369
531481265
531474772
531473316
531427349
531401303
531237710
531237400
531237307
531236987
528105496
527417432
526079693
523997245
523994776
523895583
523886860
523836570
523770466
523770159
523297378
523297247
523297055
523295951
523295744
523107577
522855467
521013994
520992460
520756059
519949557
519941359
517804362
516382224
515028035
513785690
513780022
512343903
512343799
511963568
510191087
510163687
510163469
510125401
509323042
508735841
508731121
507781164
507724936
506524833
504148515
500926190
500668071
500426923
500423788
500164843
499532342
498743306
498368381
498367527
498366602
497635499
496925286
496924971
496491399
494850584
494037343
493908148
493802513
493801925
493801176
493800966
493800664
493800274
493800011
493799720
493798958
493798606
493797011
493697464
493627311
493621792
493546311
493340044
493339939
493299179
492743249
492743087
492742754
492742286
492331692
492331536
492142832
491670206
491670003
491584393
491581645
491581453
491581257
491342435
489827237
488721468
488038298
486334538
485583046
483863126
483862981
483861837
483518053
482067347
481821310
481715111
480915131
478614659
477636264
477636215
477245985
477244597
477200595
475330080
474107704
473420782
473420401
473420110
472205283
472184294
472184158
470903760
470846786
470170243
469234888
468889752
468793824
468038107
467974035
467847781
467847682
467194721
467188289
467155869
467147951
467059109
467058763
467051091
466988205
466985821
466869987
466851820
466570700
466407419
466052106
465990146
465795246
465625600
465615962
465403002
465302550
464583524
464231064
464230073
462901770
462387207
461927223
461926834
461503585
461396008
461385313
461383748
461215520
461212722
460844268
460841916
460841487
460811510
460268949
459648199
459647970
458744497
458566924
458566741
458566646
458071447
456814699
456713614
455415096
455296699
455253135
455250248
454963074
454962553
454962379
454962051
454961430
454960897
454960467
454960046
454959830
454959546
454958724
454957830
454792421
454792222
454787848
454787547
454787310
454498055
454497688
452294574
452294385
452293908
452106461
451810888
451775342
450565208
450397541
450397482
449302999
449284876
449283518
449283364
448380365
448310155
448201688
448164925
447988916
447984429
447977992
446845785
446299134
445832676
445560418
445559731
443779877
442639114
442636949
442612223
442603123
440758726
440758523
440733236
440587888
440587764
440587372
440586815
440586702
440515449
440514612
439475656
439378165
439129018
437737819
437700139
435448930
435398278
435263886
435207856
433800758
433799702
433788609
433788232
433787984
433787779
433394398
433389697
432963448
432936483
432848770
432848395
432848179
432795413
432776593
432755394
432752751
432600146
432507731
432506195
432505347
432502955
432502809
431887946
431887619
431759942
431757743
431757720
431711313
431711209
431710966
431707162
431705291
431704844
431702344
431699693
431691138
431673838
431560382
431558559
431556401
431539391
431525564
431298429
430972599
430971028
430939672
430857987
430845794
430162706
430162599
430162508
430162388
430162254
430162047
430161991
430161763
430160672
430160136
430160099
430160005
430159975
430159753
430159742
430159288
430159224
429958011
429913235
429912563
429844936
429641575
429641557
429444718
429444342
429444295
428621677
428621602
427537802
427189680
427177623
427158512
427158499
426877194
426822966
426512215
426278953
426278850
425766584
425763830
425527270
425527034
425403385
424501562
424469032
424454245
424243080
424242986
423409291
423373230
423372040
423371965
422766579
422766476
422661766
422659997
422526083
422525572
422257495
422257367
422257262
421324978
421324323
420948037
420918224
420893916
420881859
420876919
420876246
420876021
420562408
420453695
420433294
420058042
420034625
419997504
419997291
418560562
418404841
417925968
417925665
417845960
417830290
417608011
417396139
417385109
417349122
417055225
416979561
416968998
416968230
416967632
416967456
416895381
416484781
416207635
416207503
416201626
416197195
416196989
415123237
415120346
415118348
415118223
414192971
414189983
413618270
413612094
413603029
413597846
413418132
413106372
413106031
413024134
412992031
412915308
412915294
412915043
412914915
412914648
412914625
412893628
412797936
412797893
412459645
412459584
412080742
411905954
411905784
411885068
411885046
411885010
411884806
411848926
411799029
411561100
411465592
411461787
411416591
411330627
411330581
411276047
411257150
411256467
411255614
411221582
410981958
410163159
410119320
410107243
410064601
409952855
409908668
409877018
409876986
409852009
409817343
409817047
409657569
409617828
409617809
409597859
409597309
409577255
409565251
409517570
409492674
409469388
409421615
409411617
409404561
409402035
409400521
409400181
409350702
409329225
409301554
409300292
409251003
409246251
409244552
409243826
409241184
409240741
409238758
409237871
409235985
409192479
409192454
409161313
409158668
409158474
409157418
409133533
409130176
409102925
409102831
409080062
409078431
409078006
409077932
408953616
408953413
408952888
408952434
408949821
408949021
408946112
408945959
408924076
408921874
408921755
408920762
408904581
408886160
408885658
408882477
408825725
408816780
408816679
408815629
408814899
408814624
408814281
408813517
408812928
408810483
408763283
408762376
408760727
408747508
408747244
408741846
408740164
408709894
408709394
408708306
408708019
408701585
408698558
408698328
408676564
408676540
408586086
408585349
408585003
408557196
408555071
408551460
408551396
408551296
408549397
408549098
408495646
408495610
408494838
408492861
408491834
408491728
408491417
408488046
408487555
408447991
408440554
408440204
408439743
408439650
408432909
408078461
408078220
408068802
408006391
408006202
407922307
407863060
407858868
407818637
407754955
407752428
407752175
407751491
407687852
407584802
407584599
407548456
407548201
407504074
407465488
407465119
407461614
407452583
407375457
407375433
407372784
407241921
407238915
407236607
407236479
407210644
406184926
406183534
405764980
405764851
405566130
405543172
405542680
404659033
404657860
404566924
404566917
404410844
404405647
404394638
404394395
404300219
403426129
403425944
403409349
403409335
403298909
402878057
402876601
402784442
402784297
402783367
402776951
402776649
402774056
402773872
402768513
402762668
402762429
402762155
402761852
402761570
402761465
402704453
402696545
402696438
402696367
402693352
402692867
402639822
402627054
402593761
402593740
402123006
402082370
402025082
401982779
401978180
401978032
401934174
401856296
401854863
401854521
401721969
401519603
401519586
401143217
401142969
400930372
400930117
400763978
400763937
400763826
400763701
400727899
400725373
400725280
400705947
400705813
400612605
400611917
400408328
400408308
400392261
400392022
400334152
400334135
399876179
399876098
399601134
399291810
399291709
399199620
398751658
398742154
398314608
398256017
398255795
398127316
398093989
398071035
397874445
397868948
397770109
397639298
397433193
397358689
397354436
397298114
396755778
396684104
396647159
396606672
396582390
396549651
396548696
396548176
396547994
396547910
396547226
396445730
396441705
396301314
396266532
396248439
396235817
396235802
396235065
395917713
395917273
395880606
395880553
395880409
395722366
395722076
395695704
395646662
395646512
395646128
395645711
395645433
395627726
395627658
395627523
395627418
395627280
395523249
395494695
395494409
395492120
395492024
395271856
395207626
395204921
395133742
395113281
394857713
394854775
394852569
394844458
394819714
394813364
394767123
394767003
394766448
394764726
394764717
394764515
394764327
394754973
394754605
394752793
394630950
394495569
394494861
394337722
394248840
394174510
394006020
394003916
394003798
393944197
393943490
393933930
393933797
393932057
393930298
393901835
393875577
393862526
393862070
393861053
393857937
393857692
393857345
393856987
393610693
393558473
393546441
393239159
393236965
392943898
392901212
392740746
392725225
392718582
392622053
392616998
392533384
392500850
392390606
392390327
392351452
392243438
392168280
392162368
392162032
392160613
392136682
392124834
392124808
392118607
392117898
392001798
391742813
391742118
391741308
391740667
391726238
391569230
391569139
391242149
391176403
390954981
390783738
390781722
390780594
390122419
390019125
390019095
389875713
389869488
389752396
389654194
389493417
389493021
389459635
389428390
389353037
389348431
388901507
388554126
388462666
388451859
388451692
388451416
388451371
387965982
387963765
387548795
387548663
387376585
387376429
387367905
387367865
387264080
387233776
386991125
386990977
386682259
386502300
386462557
386462244
385738998
384892369
384865722
384557594
384040107
384039863
383491486
382990742
382989875
381987754
381907978
381764801
381739014
380624230
380560679
380349065
380320723
380320697
380319132
380318957
380318906
380318518
380318369
379970186
379943796
379758479
379758402
379354865
379247377
379230301
378273076
378074061
378073987
378073928
377616091
377581534
377404724
377404543
377110147
377108532
377055417
377054757
376751440
376444250
376423629
375901788
375741199
375626074
375571410
375486318
375486170
375321806
375289475
374909464
374909438
374719982
374719716
374698835
374698732
374367710
374245581
373869611
373869376
373778834
373760333
373510575
373030678
373030403
372986038
372985880
372984650
372813759
372316845
372043953
371204127
371142462
371140780
371024856
371024779
370998370
370679916
370679892
370183833
370183506
370150614
370093750
369917244
369917200
369643906
369537853
369537674
369524128
369523367
369521565
369521494
369495554
369494707
369287933
369287893
368948385
368684631
368628354
368574195
368540291
368533870
368533582
368414764
368408397
368408268
367812349
367541150
367540130
367539623
367538277
367287453
367281212
367181858
367181771
366932495
366923168
366574185
366458745
366126360
365783659
365598357
365392957
365385330
365322714
365322697
365322599
365322580
365147500
364846674
364846649
364819629
364071221
364071015
364070937
364070903
364070863
364070665
364070620
364070551
363958338
363958042
363804935
363303528
363303279
363285939
362597651
362593660
362237844
362072437
362071279
361628507
361628308
361612636
361610083
361356842
361356654
361356540
361334979
361333020
360844593
360844573
360544704
360535576
360402552
360402426
360390048
360384596
360344688
360344100
360027580
360026973
360025978
360025415
360004460
359993445
359511982
359504451
359239426
359239401
359196515
359186668
358606678
358604706
357231110
357231057
357182027
357181957
357165847
357013438
357013400
357012309
357012216
357012028
357011996
356676180
356428566
356428290
356428072
356346660
356344756
356208402
355397376
355016295
355008358
354623909
354623783
354623651
354619630
354619208
354618789
354618617
353942345
353936694
353936626
353936095
353928468
353926666
353576284
353575282
353341667
353294983
353294971
353186070
353185992
353173018
353172561
352904215
352823819
352640446
352539421
352539079
351912647
351912627
351829435
351829308
351828962
351731897
351730734
351515027
351514832
351514243
351453723
351394467
351282339
351282083
351241228
351181155
350790156
350682938
350682737
350668301
350650546
350646486
350635980
350635789
350635690
350635501
349523909
349523411
349366936
349355453
349355410
349271042
349270225
349257102
349257038
349256790
349256555
349248259
349246627
349246300
349246136
349245922
348969243
348750720
348745659
348737426
348623516
348618905
348171149
348166264
348154271
348154190
348154099
347755281
347755264
347752165
347751710
347731093
347730752
347648157
347648060
347532456
347517651
347477621
347477538
347476721
347476488
347476256
346947486
346931252
346870442
346870257
346482143
346481677
346349897
346349766
346337005
346229190
346208404
346175312
346175006
346171910
346169543
346062018
346061106
345968645
345968613
345958681
345958627
345867016
345525537
345524715
345523858
345511048
345471951
345471793
345471664
345471437
345470836
345441131
345440929
345438774
345220333
345143697
345143624
344984193
344972421
344967395
344967357
344476413
344475459
343927747
343924748
343924478
343839038
343838937
343838349
343766823
343722009
343504726
343492368
343189788
342944346
342943581
342785302
342781873
342177431
342177163
342176422
342163405
342163281
342114577
341996088
341865296
341865271
341865234
341864953
341864891
341864780
341829280
341828841
341796999
341796512
341785619
341785536
341570494
341545928
341544498
341504018
341503980
341503860
341503811
341052357
340573976
340490111
340238027
340237698
340237514
340205538
340088577
340088397
340088172
340028789
340027431
339997610
339929168
339929068
339928750
339862925
339862910
339832335
339809415
339809101
339690812
339690474
339689024
339682767
339682570
339681175
339642868
339642751
339642448
339641459
339640989
339640207
339639988
339513653
339513383
339513261
339513209
339513094
339512516
339511816
339507583
339507510
339504841
339504610
339504515
339504183
339497796
339393386
339392982
339387728
339387588
339387465
339387302
339387203
339383994
339380340
339379773
339310652
339310590
339309662
339309569
339309423
339054776
338723223
338723186
338723085
338711769
338514547
338513155
338511725
338511064
338510924
338509099
338498392
338498274
338498084
338391821
338391198
338331860
338331556
338331277
338331209
337703238
337702841
337477630
337477492
337192711
337143410
336680155
336676127
336515844
336382783
336334950
336010902
336010878
336010316
336010197
336009574
336009400
336008573
336008468
335912099
335912023
335911698
335911601
335911262
335878414
335878261
335268481
335259251
334156683
334154576
334077447
334077329
334044682
334024347
333645666
333608003
333606818
333100974
333100594
333098955
332736650
332535889
332470630
332469733
332455041
332454499
332301379
332289039
332288787
332087911
332085555
331582998
331531005
331301056
331300979
331300879
331300824
331138278
331137399
331137220
331051812
331051627
331046405
330981314
330760376
330759856
330759381
330758953
330755640
330467496
330466895
330332027
330293103
329772953
329742157
329661692
329659515
329170863
328992591
328912612
328912227
328912050
328891951
328891168
328742423
328395614
328392199
328391617
328391451
328237499
328237131
327982577
327981726
327740818
327740661
327740584
327705894
327529374
327528852
327525202
327525097
327525045
327524615
327524321
327523272
327522716
327092928
327086710
327012189
326950466
326949644
325581667
325581529
325575034
325159772
325069766
325069747
325069227
325069060
324825446
324825438
324756566
324552742
324211391
324211204
324211101
323880734
323880296
323880208
323880196
323646883
323645890
322675260
322673407
322651725
322491960
322385681
322384697
322384168
322336344
322320211
322002373
321992515
321908916
321908899
321908756
321908733
321799002
321792106
321774170
321773228
321519285
321500851
321500665
321379614
321374131
321328588
321325696
320857330
320855499
320708709
320708635
320708585
320708474
320706912
320706595
320027032
320026805
319661047
319659402
318975665
318940646
318915427
318915398
318480888
318479567
317712636
317697969
317684973
317683587
317487834
317487408
316979195
316977286
316866585
316865375
316865236
316830659
316830600
316740287
316739321
316705235
316695544
316333661
316333630
316255254
316255071
316254925
316254872
316254681
316254608
316106738
316106494
316040487
316006447
316003323
315706078
315659155
315657604
315601541
315601498
315474488
315474181
314788316
314780463
314777665
314777292
314777112
314763736
314762944
314299126
314299044
314239661
314239581
314161226
314161043
314063428
314060150
313933351
313908350
313563356
313562804
313113408
313028662
312999325
312982028
312959310
312927964
312907553
312883373
312637019
312566610
312520791
312173723
312172186
312115186
312114168
311871243
311866800
311844574
311842577
311842376
311842233
311586569
311586396
311586092
311586018
311505433
311505261
311402800
311402745
310959364
310837658
310688883
310688873
310089864
310089847
310075836
310075784
310074258
310072348
309319349
309317896
309118975
309118949
309060994
309060970
308823523
308823454
308670136
308584685
308584621
308584582
308584535
308479026
308478208
308393938
308365997
308342799
308302945
308302932
308290637
308290540
308247429
308157169
308147791
307755368
307755197
307743265
307665323
307548442
307291396
307290422
306771821
306760346
306274466
306259154
306258716
306131417
306131155
305977658
305929041
305810573
305477339
305476846
305339860
305339575
305230883
305203569
305203467
305203130
304955819
304945622
304886071
304783202
304106047
304105956
304105665
304105470
303878666
303590232
303589909
303589674
303476492
303476476
303234526
303180893
303180295
303139004
302911202
302588917
301846114
301655830
301647435
301647404
301646976
301425724
301424506
301147369
301147182
300546795
300479706
300479435
300479258
300478675
300298309
300245718
299645956
299588667
299522425
299507605
299507098
299398499
299130595
298105752
298099778
297768153
297757575
297679565
297679447
297679122
297678822
297678632
297678081
297571681
297429184
297334827
297144438
296961509
296960867
296950201
296942410
296942347
296917874
296579313
296579214
296299946
296299832
296241555
296075304
295884048
295797893
295788486
295788052
295725411
295718189
295518849
295516964
295516931
295508821
295429179
295422340
295290840
295267599
295193717
295193527
295170932
295170027
295169888
295169087
294925513
294923738
294905700
294900397
294857886
294800691
294797283
294797211
294796870
294796045
294795185
294528637
294526451
294526384
294526304
294118449
294006978
294006917
293907454
293907333
293907275
293793963
293793643
293793459
292714014
292635011
292634156
292632790
292622159
292621698
292621248
292361251
292138221
292138002
292137938
292100886
291816072
291809276
291298583
291298449
291280563
291097693
291017654
290999221
290743771
290743691
290743179
289942429
289942393
289941140
289941113
289503085
289502585
289363676
289363621
289266630
289195930
289195777
289096068
289095374
289088390
289085316
289059834
288706851
288706688
288412418
288412193
288332420
288331790
287270718
287254147
286494157
286490780
285995206
285995187
285824716
285824657
285773997
285636876
285597163
285549008
285534461
285521500
285520713
285517959
285505529
285504201
285477527
285476611
285469911
285456801
285271621
285271571
285271517
284972421
284953372
284953321
284763281
284761600
284756699
284756656
284730453
284702512
284702469
284702411
284527037
284526632
284525020
284524942
284451958
284350524
284304749
284177377
284177054
284176447
284176379
284175802
284093585
284081308
283983944
283983874
283889317
283889255
283638061
283482674
283481359
283039531
283039365
283039039
283038925
282938907
282938899
282209545
282163343
282075453
282075051
281890917
281890829
281890442
281278381
281273104
281271149
281271013
280943121
280942900
280783098
280783037
280520262
280018399
279850759
279565412
279562460
279446118
279439698
279439333
279436161
279433102
279431456
279301670
279228304
278262522
278262467
277773332
277711376
277711278
277525046
277525034
277467511
277276071
277275941
277211433
277211411
277096583
276853358
276853272
276243350
276243068
275908988
275636527
275636512
275542020
275530444
275530424
275437595
275300719
275300590
275256429
275254258
275240811
275240751
275240535
275240508
275239909
275239405
275238930
275238342
275086452
275086414
275045914
274797909
274797886
274797754
274797717
274423716
274400405
274393344
274392917
274353243
274350630
274144523
274052618
274012239
273929739
273928274
273597528
273563298
273484725
273364416
272862211
272861700
272201509
271505884
271498083
271483305
271450770
271415600
271414720
271414046
271413863
271413601
271413471
271412494
271412150
271382273
271381853
271380212
271380117
271290860
271290706
271268338
271268219
271258923
271246261
271242218
270881807
270881789
270611292
270588492
270588311
270535008
270534681
270533539
270259678
270259611
270214590
270202922
270202712
270098585
270098543
269987729
269981371
269922011
269919436
269918921
269918897
269918631
269614948
269614821
269594959
269499789
269449831
269187328
269152271
269150807
269148784
268988055
268987711
268787176
268786353
268730461
268719844
268667913
268665669
268470299
268470117
268335176
268221972
268220499
267857597
267857161
267574607
267545815
267057320
267057268
266966115
266965785
266746240
266744131
266635869
266421182
266421100
266420497
266420446
266419919
266095731
266082415
266056073
266055858
265880209
265858822
265831895
265831832
265758504
265617617
265616787
265203113
265191158
264881760
264313639
264300686
264299038
264271231
264133283
264118637
264118449
264116455
264097517
264081214
264080854
263579256
263427120
263418514
263377594
262848622
262846757
262742877
262742563
262705569
262700823
262700311
262687346
262639923
262638487
262638349
262542587
262541715
262413265
262413248
262366194
262366166
262365558
262365535
262365237
262365210
262079114
262078942
261481549
261466539
261465784
261034260
261032901
260978416
260978301
260978141
260751852
260598924
260598844
260596398
260596336
260376041
260375568
260372993
260367748
260144854
260143838
260143671
260143520
260043269
260042788
260038776
258942993
258925818
258924599
258923969
258923882
258296018
258292444
258292231
258290249
258290219
258061770
257831042
257830952
257622592
257551376
257548848
257386559
257385642
257127290
257127012
257089217
257089119
256925080
256923219
256906206
256906184
256868815
256848820
256835653
256834406
256834275
256833771
256826218
256202966
256202698
256005969
255977557
255977524
255709320
255706611
255574412
255557202
255556972
255479378
255479252
255451060
255450324
255450278
255450157
255449591
255448881
255447985
255398009
255387626
255296714
255296353
255221030
255221004
255220672
255220527
254858716
254858693
254631110
254630591
254579645
254579038
254578495
254563696
254529924
254529233
254526482
254526238
254495800
254495314
254167335
254167210
254167160
254167105
254167040
254166985
254166877
254166827
254166767
254166709
254166133
254038798
254038768
253941267
253941246
253597003
253545738
253545608
253039839
253039240
253038799
253038558
252594896
252594879
252594770
252594755
252594283
252594142
252573515
252573295
252573199
252572650
252572558
252501729
252490737
252436443
252434814
252397548
252397461
252396376
252395963
252395084
252394573
252367546
252282176
252282113
252268356
252264741
251659919
251657385
251408026
251395665
251395597
251395538
251395191
251392926
251341113
251338537
250887959
250885769
250746207
250635004
250634981
250341419
250339811
250339741
250063876
250063331
250062992
250062097
250060318
250056289
249488104
249487917
249463411
249461117
249288388
249288226
248964555
248919055
248783906
248681953
248680891
248680779
248662176
248486405
248468884
248355350
248352777
248352750
248352708
248272568
248272535
248043300
248041122
247772975
247770766
247770636
247770134
247769890
247769437
247768701
247768422
247766614
247761552
247761448
247761270
247755516
247755405
247626696
247626430
247625829
247625762
247625655
246591674
246591642
246407133
246403933
246305723
246305633
246237386
246213015
246212751
246206083
246205883
245670951
245670492
245670336
245518974
245376758
245369099
245357838
245353988
245306765
245303682
245109950
245109827
245109165
244992484
244991421
244989737
244988496
244852188
244848752
244845052
244843852
244823529
244821900
244721156
244639868
244639142
244507825
244507735
244402740
244395180
244205700
244204838
244198636
244181766
244181678
244109233
244109093
244109048
244108664
244032206
244031103
243940629
243938843
243823611
243782477
243538116
243537092
243536873
243267299
243265615
243220799
243211508
243195844
242986414
242972237
242970163
242969434
242846686
242653510
242651620
242651343
242650192
242487898
242487293
242415841
242415606
242355352
242355220
242285619
242284674
242275813
242257999
242235808
242231429
242231044
242230836
242230548
241917414
241917349
241675992
241674965
241595445
241594673
241594648
241594487
241594296
241594120
241593781
241081452
241067563
240977440
240977223
240975363
240974332
240974167
240909726
240909676
240898855
240897717
240793033
240764275
240762453
240762293
240628426
240600126
240598625
240598018
240358527
240358506
240356145
240354394
240023601
240023183
239902409
239902407
239209961
239209599
239178076
239162035
239160444
239136501
239133239
239132385
239017416
239015453
238946865
238915231
238683845
238683530
237906225
237853042
237733087
237680535
237642268
237561867
237561298
237557252
237556703
237339473
237339416
237339181
237339108
237338996
237338962
237338817
237338789
237338563
237338539
237338297
237094711
237087628
236978223
236950556
236912432
236903536
236796225
236706845
236705265
236705119
236688595
236675416
236559332
236558823
236406785
236403585
236194125
236194088
236193955
236193928
236193918
236193905
236193869
236193862
236193839
236193818
235967027
235965120
235692259
235692131
235523430
235523191
235522120
235307702
235194834
235194717
235145047
235143303
234948879
234948757
234738171
234728735
234663973
234612068
234447240
234447063
234340704
234339477
234162824
234031556
234017270
234016869
233920323
233920106
233899582
233899461
233899353
233683990
233681245
233680986
233360997
233360805
233127592
233082314
233070115
233042475
233033606
232987580
232986857
232877395
232870096
232689155
232689129
232367328
231961477
231715304
231275458
231267163
231264944
230882650
230625089
230624920
230589097
230588415
230583951
230583586
230551375
230515140
229793620
229793565
229753672
229753520
228584606
228506676
228463365
228460375
227992343
227989308
227914947
227731264
227604244
227604112
227562619
227562564
227331605
227270216
227227197
227224984
227209043
227208086
227199529
227197589
227197187
227197039
227196969
227196100
227195962
227194426
227194294
227096015
227095913
227058699
226718278
226716949
226711538
226700546
226700235
226675706
226673032
226604310
226534583
226532753
226531844
226502273
226369887
226369527
226369277
226367975
226367883
226367623
226367524
226367042
226366654
226365620
226285627
226125513
226125482
226098438
226094964
226022834
226021962
226012177
225943459
225942426
225942018
225941794
225892387
225891629
225891292
225891040
225890899
225890450
225889964
225889604
225657519
225655511
225644874
225613630
225592996
225592647
225539669
225517991
225517170
225493014
225492312
225488530
225488260
225488092
225399444
225324140
225323561
225323274
225275651
225267122
225124747
225118192
225116070
225111926
225110398
225095478
225074476
225071102
225070566
224902925
224895694
224893444
224892425
224868755
224222745
224222262
224219235
224218905
224105941
224103748
223696872
223696804
223643904
223643839
223628927
223622225
223617362
223615425
223611742
223603221
223602601
223601374
223425125
223410288
223401784
223401371
223400989
223236154
223235525
223235441
223234943
223179281
223161789
223120562
222757938
222714027
222713805
222713562
222713384
222606630
222606175
222605666
222605371
222604729
222603792
222549899
222536024
222532167
222531358
222527203
222518151
222416621
222404108
222404041
222318263
222313885
222213916
222209582
221853491
221853419
221814482
221813102
221810314
221713511
221710118
221689382
221596667
221592857
221413725
221413373
221413297
221413141
221367735
221367556
221322735
221322391
221293608
221293470
221268623
221158357
221149638
221110407
221100860
221053127
221026433
221026325
221026251
221025923
221025675
221025546
221025406
221025297
221025121
221025021
221023725
221022413
221021993
221021179
221019761
221019212
221018632
221017225
220975090
220974591
220950085
220950029
220949983
220949920
220949830
220949659
220949366
220949322
220949182
220949137
220943751
220925460
220918837
220918303
220725186
220723144
220697715
220604696
220394689
220394529
220362958
220362787
220361727
220334264
220334193
220282665
220260387
220260164
220137266
220094561
220094545
220093942
219418505
219418469
219409104
219408501
219260085
219256139
219225953
219225875
218994389
218990417
218990200
218988662
218988635
218988528
218988487
218984786
218984452
218984236
218806020
218805944
218728201
218724614
218706629
218706029
218371854
218371818
218333009
218184300
218184250
218056705
218026674
218020197
218020046
217992487
217983400
217934243
217922210
217913096
217911587
217910037
217908490
217862567
217858115
217775362
217720524
217720271
217720145
217715448
217715246
217710235
217709989
217706383
217706239
217699026
217682471
217682409
217571560
217571347
217496000
217483716
217482972
217436962
217388024
217387381
217304096
217300477
217233132
217232896
217232132
217231950
217231436
217230279
217228948
217228437
217227267
217155823
217051686
217017986
216939867
216933889
216933395
216932268
216931703
216931313
216929018
216928535
216927850
216924510
216923830
216923588
216923336
216923199
216923039
216922849
216922643
216922149
216922083
216921756
216920388
216920170
216919637
216919555
216919456
216919360
216919177
216919040
216918604
216918430
216917716
216917579
216917295
216916962
216916513
216916410
216895948
216895706
216895628
216895561
216895496
216895437
216789956
216789704
216789434
216789349
216788975
216788867
216788004
216785079
216754830
216702161
216689493
216667353
216667161
216659187
216629262
216571446
216526729
216525914
216519654
216471264
216429463
216428723
216428328
216424754
216424694
216423913
216422385
216421425
216421366
216421266
216419809
216414180
216413322
216413218
216411514
216410169
216386262
216348014
216347568
216341731
216320318
216320109
216319853
216319809
216318562
216305304
216305168
216305046
216304237
216303760
216302700
216302310
216300962
216299799
216286697
216283702
216283246
216283023
216282560
216281738
216279710
216208700
216208676
215996693
215996582
215993021
215957692
215957563
215957428
215954567
215909376
215887801
215887632
215850811
215542659
215541629
215466261
215465994
215355175
215355147
215282949
215282447
215026586
215018762
214636648
214636615
214635943
214635918
214635631
214635539
214524090
214523188
214522924
214494046
214290008
214288267
214227979
214191224
214097610
214096985
213781073
213780953
213780415